869
871
1060
1294
1486
1990
2102
2217
2307
2529
2669
2671
2810
3496
3645
3826
3827
4041
4180
4183
4399
4400
4572
4792
5295
5296
5375
5398
5402
5498
5502
5773
5915
6236
6522
6523
6579
6660
6661
6663
6780
6898
7236
7238
7376
7529
7646
7811
8076
8361
8364
8587
8711
9425
9452
9667
9840
9908
9958
10021
10036
10037
10284
10325
10565
10638
10833
10979
11210
11333
11334
11452
11600
11603
11765
12506
12619
12864
13108
13548
14336
14408
14515
14602
14675
14706
14800
14833
14836
15191
15231
15288
15291
15334
15544
15633
15887
15890
15987
16108
16111
16272
16442
16483
16486
16749
16752
16795
16906
17017
17176
17323
17329
17331
17472
17475
17568
17740
17741
18206
18208
18346
18507
18746
18860
18861
18936
18938
19091
19229
19231
19407
19572
19691
19694
19853
19940
20160
20395
20806
20808
21164
21313
21575
21710
22186
22981
22984
23540
23661
23771
23998
24034
24036
24152
24379
24476
24527
24618
24694
24736
24840
25141
25284
25325
25604
25696
25815
25865
26244
26310
26386
26398
26463
26579
26752
26756
26765
26784
26888
26929
27008
27029
27164
27199
27221
27252
27296
27299
27340
27394
27481
27602
27671
28158
28338
28363
28386
28415
28623
28763
28803
28883
29190
29399
29402
29533
29536
29540
29600
29723
29861
30019
30352
30414
30708
30784
30998
31684
31717
31846
31868
32134
32157
32198
32221
32283
32940
33064
33140
33183
33287
33534
33595
33704
33746
34018
34152
34321
34515
34829
34831
34888
34991
35025
35167
35429
35488
35536
35675
35763
35871
36210
36572
36618
37236
37552
38240
38267
38445
38519
38556
38583
38611
38642
38653
38760
38837
38948
39394
39680
40325
40363
40419
40987
41060
41114
41136
41438
41494
41936
42084
42260
43033
43160
43710
43898
43946
44271
44522
44557
45060
45118
45545
46018
47129
47306
47458
47737
47760
47794
47902
48018
48083
48972
49036
49454
49606
49933
50071
50160
50444
50560
50702
50957
51876
52227
52606
52607
52795
53323
53508
54121
55135
55483
55510
55710
55731
58129
58348
58385
58418
58794
58811
58813
58822
58837
58840
59238
59376
59453
59625
59814
59838
62852
63911
63918
64279
64395
65327
66150
66356
66779
67407
67446
67498
67568
67653
68468
69213
70202
71071
71295
71406
71483
71776
71906
72017
72233
72352
72604
73302
73349
74191
74244
74688
74706
74822
75213
75221
75269
75329
76321
76463
76794
76898
77075
77256
77798
78321
79319
79379
79610
79694
79737
79804
79810
79825
79841
79946
79948
80050
80145
80203
80376
80498
80631
80633
81142
81179
81267
81415
81446
81606
82617
82750
82823
83144
84204
84641
84710
84711
85025
85313
85406
85610
85767
85872
85875
85903
85904
85917
86099
86100
86152
86153
86240
86367
86415
86417
87168
87277
88252
88322
88390
88473
88629
88667
88690
88733
90279
90585
90587
91048
91108
91185
91384
91448
91658
91776
91858
91960
92031
92085
92788
93944
93945
94054
94633
94706
94802
94937
94990
94991
95027
95106
95194
95246
95298
95299
95861
95998
96153
96156
96290
96291
97031
97108
97198
97696
97721
97806
97945
98153
98287
98290
98392
98513
99144
99602
99729
99792
99794
99835
100183
100257
100508
101868
102260
102721
102817
103065
103111
103211
103275
103421
103457
103468
103548
103619
103664
103771
103800
103850
103968
104394
104533
104573
104598
104600
104863
105056
105206
105313
105585
105881
105917
105990
106218
106473
106607
106898
107017
107153
107180
107208
107313
107354
107376
107429
107430
107510
107513
107610
107684
108394
108395
108529
108740
108742
108957
108992
108994
109025
109118
109265
109340
109444
109500
109564
109565
109592
109595
109660
109715
109718
109814
109817
109891
109940
109944
110226
110372
110426
110534
110576
110703
110903
111065
111129
111131
111181
111183
111299
111300
111385
111567
111660
111675
111835
112098
112568
112569
112606
112608
112665
112742
112765
112779
112996
113044
113046
113104
113126
113162
113198
113304
113367
113398
113400
113648
113668
113671
113721
113769
113937
113940
114010
114034
114562
114565
114923
114926
115106
115125
115317
115319
115706
115910
115940
115953
115961
116096
116100
116571
116779
116781
116825
117102
