frame,video,0,1,34760,34.760000,34760,34.760000,34760,34.760000,N/A,N/A,3821795,1035168,656,526,rgb24,1:1,I,0,0,0,0,0,0.655363
frame,video,0,1,34840,34.840000,34840,34.840000,34840,34.840000,N/A,N/A,3893430,1035168,656,526,rgb24,1:1,I,0,0,0,0,0,1.000000
frame,video,0,1,42400,42.400000,42400,42.400000,42400,42.400000,N/A,N/A,11161040,1035168,656,526,rgb24,1:1,I,0,0,0,0,0,1.000000
frame,video,0,1,51760,51.760000,51760,51.760000,51760,51.760000,N/A,N/A,12735264,1035168,656,526,rgb24,1:1,I,0,0,0,0,0,1.000000
frame,video,0,1,59440,59.440000,59440,59.440000,59440,59.440000,N/A,N/A,16370256,1035168,656,526,rgb24,1:1,I,0,0,0,0,0,1.000000
frame,video,0,1,79600,79.600000,79600,79.600000,79600,79.600000,N/A,N/A,23172717,1035168,656,526,rgb24,1:1,I,0,0,0,0,0,1.000000
frame,video,0,1,84080,84.080000,84080,84.080000,84080,84.080000,N/A,N/A,25140818,1035168,656,526,rgb24,1:1,I,0,0,0,0,0,1.000000
frame,video,0,1,88680,88.680000,88680,88.680000,88680,88.680000,N/A,N/A,26650419,1035168,656,526,rgb24,1:1,I,0,0,0,0,0,0.710101
frame,video,0,1,92280,92.280000,92280,92.280000,92280,92.280000,N/A,N/A,27611675,1035168,656,526,rgb24,1:1,I,0,0,0,0,0,0.666994
frame,video,0,1,101160,101.160000,101160,101.160000,101160,101.160000,N/A,N/A,33088724,1035168,656,526,rgb24,1:1,I,0,0,0,0,0,0.573163
frame,video,0,1,106760,106.760000,106760,106.760000,106760,106.760000,N/A,N/A,35011527,1035168,656,526,rgb24,1:1,I,0,0,0,0,0,0.355119
frame,video,0,1,106840,106.840000,106840,106.840000,106840,106.840000,N/A,N/A,35041698,1035168,656,526,rgb24,1:1,I,0,0,0,0,0,1.000000
frame,video,0,1,112400,112.400000,112400,112.400000,112400,112.400000,N/A,N/A,35525356,1035168,656,526,rgb24,1:1,I,0,0,0,0,0,1.000000
frame,video,0,1,139840,139.840000,139840,139.840000,139840,139.840000,N/A,N/A,51149925,1035168,656,526,rgb24,1:1,I,0,0,0,0,0,0.450652
frame,video,0,1,145800,145.800000,145800,145.800000,145800,145.800000,N/A,N/A,53979403,1035168,656,526,rgb24,1:1,I,0,0,0,0,0,0.492645
frame,video,0,1,153040,153.040000,153040,153.040000,153040,153.040000,N/A,N/A,58067277,1035168,656,526,rgb24,1:1,I,0,0,0,0,0,0.590541
frame,video,0,1,153080,153.080000,153080,153.080000,153080,153.080000,N/A,N/A,58102421,1035168,656,526,rgb24,1:1,I,0,0,0,0,0,1.000000
frame,video,0,1,161640,161.640000,161640,161.640000,161640,161.640000,N/A,N/A,58989254,1035168,656,526,rgb24,1:1,I,0,0,0,0,0,0.883232
frame,video,0,1,167200,167.200000,167200,167.200000,167200,167.200000,N/A,N/A,60652667,1035168,656,526,rgb24,1:1,I,0,0,0,0,0,0.300377
frame,video,0,1,167320,167.320000,167320,167.320000,167320,167.320000,N/A,N/A,60684834,1035168,656,526,rgb24,1:1,I,0,0,0,0,0,1.000000
frame,video,0,1,175960,175.960000,175960,175.960000,175960,175.960000,N/A,N/A,65067197,1035168,656,526,rgb24,1:1,I,0,0,0,0,0,0.507491
frame,video,0,1,176000,176.000000,176000,176.000000,176000,176.000000,N/A,N/A,65099418,1035168,656,526,rgb24,1:1,I,0,0,0,0,0,1.000000
frame,video,0,1,182880,182.880000,182880,182.880000,182880,182.880000,N/A,N/A,65751777,1035168,656,526,rgb24,1:1,I,0,0,0,0,0,0.457713
frame,video,0,1,191680,191.680000,191680,191.680000,191680,191.680000,N/A,N/A,67761146,1035168,656,526,rgb24,1:1,I,0,0,0,0,0,0.663806
frame,video,0,1,211800,211.800000,211800,211.800000,211800,211.800000,N/A,N/A,74485074,1035168,656,526,rgb24,1:1,I,0,0,0,0,0,0.544985
frame,video,0,1,211840,211.840000,211840,211.840000,211840,211.840000,N/A,N/A,74514427,1035168,656,526,rgb24,1:1,I,0,0,0,0,0,0.309544
frame,video,0,1,215000,215.000000,215000,215.000000,215000,215.000000,N/A,N/A,75507800,1035168,656,526,rgb24,1:1,I,0,0,0,0,0,0.320414
frame,video,0,1,215920,215.920000,215920,215.920000,215920,215.920000,N/A,N/A,75808952,1035168,656,526,rgb24,1:1,I,0,0,0,0,0,0.636051
frame,video,0,1,216080,216.080000,216080,216.080000,216080,216.080000,N/A,N/A,75994696,1035168,656,526,rgb24,1:1,I,0,0,0,0,0,0.351877
frame,video,0,1,219920,219.920000,219920,219.920000,219920,219.920000,N/A,N/A,78240615,1035168,656,526,rgb24,1:1,I,0,0,0,0,0,0.584654
frame,video,0,1,220080,220.080000,220080,220.080000,220080,220.080000,N/A,N/A,78411656,1035168,656,526,rgb24,1:1,I,0,0,0,0,0,0.300897
frame,video,0,1,230920,230.920000,230920,230.920000,230920,230.920000,N/A,N/A,86059605,1035168,656,526,rgb24,1:1,I,0,0,0,0,0,0.505304
frame,video,0,1,236600,236.600000,236600,236.600000,236600,236.600000,40,0.040000,88277598,1035168,656,526,rgb24,1:1,I,0,0,0,0,0,0.318966
frame,video,0,1,249440,249.440000,249440,249.440000,249440,249.440000,40,0.040000,93724610,1035168,656,526,rgb24,1:1,I,0,0,0,0,0,1.000000
frame,video,0,1,260880,260.880000,260880,260.880000,260880,260.880000,40,0.040000,100151880,1035168,656,526,rgb24,1:1,I,0,0,0,0,0,0.430597
frame,video,0,1,260920,260.920000,260920,260.920000,260920,260.920000,40,0.040000,100177158,1035168,656,526,rgb24,1:1,I,0,0,0,0,0,0.305294
frame,video,0,1,263160,263.160000,263160,263.160000,263160,263.160000,40,0.040000,101621694,1035168,656,526,rgb24,1:1,I,0,0,0,0,0,0.344921
frame,video,0,1,266400,266.400000,266400,266.400000,266400,266.400000,40,0.040000,103373528,1035168,656,526,rgb24,1:1,I,0,0,0,0,0,0.546187
frame,video,0,1,266440,266.440000,266440,266.440000,266440,266.440000,40,0.040000,103397506,1035168,656,526,rgb24,1:1,I,0,0,0,0,0,0.353228
frame,video,0,1,266520,266.520000,266520,266.520000,266520,266.520000,40,0.040000,103447161,1035168,656,526,rgb24,1:1,I,0,0,0,0,0,1.000000
frame,video,0,1,271200,271.200000,271200,271.200000,271200,271.200000,40,0.040000,103817203,1035168,656,526,rgb24,1:1,I,0,0,0,0,0,0.439837
frame,video,0,1,275920,275.920000,275920,275.920000,275920,275.920000,40,0.040000,105062078,1035168,656,526,rgb24,1:1,I,0,0,0,0,0,0.307884
frame,video,0,1,289440,289.440000,289440,289.440000,289440,289.440000,40,0.040000,108084919,1035168,656,526,rgb24,1:1,I,0,0,0,0,0,0.438756
frame,video,0,1,289520,289.520000,289520,289.520000,289520,289.520000,40,0.040000,108108036,1035168,656,526,rgb24,1:1,I,0,0,0,0,0,0.442142
frame,video,0,1,295040,295.040000,295040,295.040000,295040,295.040000,40,0.040000,110426515,1035168,656,526,rgb24,1:1,I,0,0,0,0,0,0.417450
frame,video,0,1,301160,301.160000,301160,301.160000,301160,301.160000,40,0.040000,112366431,1035168,656,526,rgb24,1:1,I,0,0,0,0,0,0.705354
frame,video,0,1,305840,305.840000,305840,305.840000,305840,305.840000,40,0.040000,112762235,1035168,656,526,rgb24,1:1,I,0,0,0,0,0,0.805130
frame,video,0,1,312440,312.440000,312440,312.440000,312440,312.440000,40,0.040000,114652021,1035168,656,526,rgb24,1:1,I,0,0,0,0,0,0.580097
frame,video,0,1,323040,323.040000,323040,323.040000,323040,323.040000,40,0.040000,117267966,1035168,656,526,rgb24,1:1,I,0,0,0,0,0,0.371129
frame,video,0,1,334440,334.440000,334440,334.440000,334440,334.440000,40,0.040000,119734411,1035168,656,526,rgb24,1:1,I,0,0,0,0,0,0.423082
frame,video,0,1,334560,334.560000,334560,334.560000,334560,334.560000,40,0.040000,119761731,1035168,656,526,rgb24,1:1,I,0,0,0,0,0,0.430691
frame,video,0,1,343480,343.480000,343480,343.480000,343480,343.480000,40,0.040000,122871527,1035168,656,526,rgb24,1:1,I,0,0,0,0,0,0.364527
frame,video,0,1,348440,348.440000,348440,348.440000,348440,348.440000,40,0.040000,125065242,1035168,656,526,rgb24,1:1,I,0,0,0,0,0,0.423412
frame,video,0,1,377000,377.000000,377000,377.000000,377000,377.000000,40,0.040000,136495537,1035168,656,526,rgb24,1:1,I,0,0,0,0,0,0.636564
frame,video,0,1,378080,378.080000,378080,378.080000,378080,378.080000,40,0.040000,136796927,1035168,656,526,rgb24,1:1,I,0,0,0,0,0,0.971066
frame,video,0,1,386680,386.680000,386680,386.680000,386680,386.680000,40,0.040000,137643577,1035168,656,526,rgb24,1:1,I,0,0,0,0,0,0.718890
frame,video,0,1,393600,393.600000,393600,393.600000,393600,393.600000,40,0.040000,139365188,1035168,656,526,rgb24,1:1,I,0,0,0,0,0,0.673785
frame,video,0,1,396320,396.320000,396320,396.320000,396320,396.320000,40,0.040000,140458017,1035168,656,526,rgb24,1:1,I,0,0,0,0,0,0.365975
frame,video,0,1,398320,398.320000,398320,398.320000,398320,398.320000,40,0.040000,140730104,1035168,656,526,rgb24,1:1,I,0,0,0,0,0,0.516090
frame,video,0,1,400840,400.840000,400840,400.840000,400840,400.840000,40,0.040000,141643021,1035168,656,526,rgb24,1:1,I,0,0,0,0,0,0.615544
frame,video,0,1,401440,401.440000,401440,401.440000,401440,401.440000,40,0.040000,141843614,1035168,656,526,rgb24,1:1,I,0,0,0,0,0,0.413402
frame,video,0,1,401480,401.480000,401480,401.480000,401480,401.480000,40,0.040000,141868240,1035168,656,526,rgb24,1:1,I,0,0,0,0,0,0.479770
frame,video,0,1,411360,411.360000,411360,411.360000,411360,411.360000,40,0.040000,142886588,1035168,656,526,rgb24,1:1,I,0,0,0,0,0,0.661573
frame,video,0,1,413000,413.000000,413000,413.000000,413000,413.000000,40,0.040000,143419026,1035168,656,526,rgb24,1:1,I,0,0,0,0,0,0.657848
frame,video,0,1,422600,422.600000,422600,422.600000,422600,422.600000,40,0.040000,144874732,1035168,656,526,rgb24,1:1,I,0,0,0,0,0,0.804444
frame,video,0,1,425520,425.520000,425520,425.520000,425520,425.520000,40,0.040000,145833792,1035168,656,526,rgb24,1:1,I,0,0,0,0,0,0.825383
frame,video,0,1,433320,433.320000,433320,433.320000,433320,433.320000,40,0.040000,148839087,1035168,656,526,rgb24,1:1,I,0,0,0,0,0,0.805575
frame,video,0,1,439160,439.160000,439160,439.160000,439160,439.160000,40,0.040000,150762451,1035168,656,526,rgb24,1:1,I,0,0,0,0,0,0.323750
frame,video,0,1,448400,448.400000,448400,448.400000,448400,448.400000,40,0.040000,153870565,1035168,656,526,rgb24,1:1,I,0,0,0,0,0,0.939610
frame,video,0,1,453320,453.320000,453320,453.320000,453320,453.320000,40,0.040000,155814127,1035168,656,526,rgb24,1:1,I,0,0,0,0,0,0.590267
frame,video,0,1,453360,453.360000,453360,453.360000,453360,453.360000,40,0.040000,155837767,1035168,656,526,rgb24,1:1,I,0,0,0,0,0,0.555376
frame,video,0,1,458080,458.080000,458080,458.080000,458080,458.080000,40,0.040000,156233759,1035168,656,526,rgb24,1:1,I,0,0,0,0,0,0.607529
frame,video,0,1,464000,464.000000,464000,464.000000,464000,464.000000,40,0.040000,158455819,1035168,656,526,rgb24,1:1,I,0,0,0,0,0,0.304265
frame,video,0,1,464120,464.120000,464120,464.120000,464120,464.120000,40,0.040000,158468605,1035168,656,526,rgb24,1:1,I,0,0,0,0,0,0.641961
frame,video,0,1,470600,470.600000,470600,470.600000,470600,470.600000,40,0.040000,160612676,1035168,656,526,rgb24,1:1,I,0,0,0,0,0,0.486610
frame,video,0,1,500240,500.240000,500240,500.240000,500240,500.240000,40,0.040000,169856389,1035168,656,526,rgb24,1:1,I,0,0,0,0,0,0.532025
frame,video,0,1,504760,504.760000,504760,504.760000,504760,504.760000,40,0.040000,171267902,1035168,656,526,rgb24,1:1,I,0,0,0,0,0,0.344298
frame,video,0,1,514560,514.560000,514560,514.560000,514560,514.560000,40,0.040000,173647440,1035168,656,526,rgb24,1:1,I,0,0,0,0,0,0.361592
frame,video,0,1,524320,524.320000,524320,524.320000,524320,524.320000,40,0.040000,176279131,1035168,656,526,rgb24,1:1,I,0,0,0,0,0,0.341068
frame,video,0,1,541920,541.920000,541920,541.920000,541920,541.920000,40,0.040000,181931040,1035168,656,526,rgb24,1:1,I,0,0,0,0,0,0.426287
frame,video,0,1,573440,573.440000,573440,573.440000,573440,573.440000,40,0.040000,188243274,1035168,656,526,rgb24,1:1,I,0,0,0,0,0,0.589967
frame,video,0,1,576320,576.320000,576320,576.320000,576320,576.320000,40,0.040000,189186994,1035168,656,526,rgb24,1:1,I,0,0,0,0,0,0.408751
frame,video,0,1,580600,580.600000,580600,580.600000,580600,580.600000,40,0.040000,190435265,1035168,656,526,rgb24,1:1,I,0,0,0,0,0,0.595095
frame,video,0,1,584080,584.080000,584080,584.080000,584080,584.080000,40,0.040000,191546552,1035168,656,526,rgb24,1:1,I,0,0,0,0,0,0.869546
frame,video,0,1,587000,587.000000,587000,587.000000,587000,587.000000,40,0.040000,192282968,1035168,656,526,rgb24,1:1,I,0,0,0,0,0,0.543937
frame,video,0,1,588240,588.240000,588240,588.240000,588240,588.240000,40,0.040000,192374800,1035168,656,526,rgb24,1:1,I,0,0,0,0,0,1.000000
frame,video,0,1,592000,592.000000,592000,592.000000,592000,592.000000,40,0.040000,194236142,1035168,656,526,rgb24,1:1,I,0,0,0,0,0,0.471170
frame,video,0,1,593320,593.320000,593320,593.320000,593320,593.320000,40,0.040000,194616190,1035168,656,526,rgb24,1:1,I,0,0,0,0,0,0.344317
frame,video,0,1,593440,593.440000,593440,593.440000,593440,593.440000,40,0.040000,194649756,1035168,656,526,rgb24,1:1,I,0,0,0,0,0,0.424627
frame,video,0,1,607640,607.640000,607640,607.640000,607640,607.640000,40,0.040000,198107526,1035168,656,526,rgb24,1:1,I,0,0,0,0,0,0.337547
frame,video,0,1,609240,609.240000,609240,609.240000,609240,609.240000,40,0.040000,198257153,1035168,656,526,rgb24,1:1,I,0,0,0,0,0,0.913622
frame,video,0,1,611520,611.520000,611520,611.520000,611520,611.520000,40,0.040000,199153722,1035168,656,526,rgb24,1:1,I,0,0,0,0,0,0.338750
frame,video,0,1,611640,611.640000,611640,611.640000,611640,611.640000,40,0.040000,199189377,1035168,656,526,rgb24,1:1,I,0,0,0,0,0,0.412733
frame,video,0,1,613360,613.360000,613360,613.360000,613360,613.360000,40,0.040000,199644201,1035168,656,526,rgb24,1:1,I,0,0,0,0,0,0.667434
frame,video,0,1,621760,621.760000,621760,621.760000,621760,621.760000,40,0.040000,202724057,1035168,656,526,rgb24,1:1,I,0,0,0,0,0,0.361976
frame,video,0,1,625320,625.320000,625320,625.320000,625320,625.320000,40,0.040000,204817094,1035168,656,526,rgb24,1:1,I,0,0,0,0,0,0.709018
frame,video,0,1,635480,635.480000,635480,635.480000,635480,635.480000,40,0.040000,209366517,1035168,656,526,rgb24,1:1,I,0,0,0,0,0,0.310771
frame,video,0,1,635600,635.600000,635600,635.600000,635600,635.600000,40,0.040000,209445180,1035168,656,526,rgb24,1:1,I,0,0,0,0,0,0.540381
frame,video,0,1,639480,639.480000,639480,639.480000,639480,639.480000,40,0.040000,211722724,1035168,656,526,rgb24,1:1,I,0,0,0,0,0,0.566579
frame,video,0,1,644320,644.320000,644320,644.320000,644320,644.320000,40,0.040000,213914838,1035168,656,526,rgb24,1:1,I,0,0,0,0,0,0.350758
frame,video,0,1,644440,644.440000,644440,644.440000,644440,644.440000,40,0.040000,214000514,1035168,656,526,rgb24,1:1,I,0,0,0,0,0,0.533817
frame,video,0,1,650880,650.880000,650880,650.880000,650880,650.880000,40,0.040000,217343523,1035168,656,526,rgb24,1:1,I,0,0,0,0,0,0.306768
frame,video,0,1,657680,657.680000,657680,657.680000,657680,657.680000,40,0.040000,219929654,1035168,656,526,rgb24,1:1,I,0,0,0,0,0,0.369959
frame,video,0,1,659320,659.320000,659320,659.320000,659320,659.320000,40,0.040000,220885378,1035168,656,526,rgb24,1:1,I,0,0,0,0,0,0.338778
frame,video,0,1,659440,659.440000,659440,659.440000,659440,659.440000,40,0.040000,220941856,1035168,656,526,rgb24,1:1,I,0,0,0,0,0,0.752177
frame,video,0,1,669960,669.960000,669960,669.960000,669960,669.960000,40,0.040000,226537804,1035168,656,526,rgb24,1:1,I,0,0,0,0,0,0.487063
frame,video,0,1,670080,670.080000,670080,670.080000,670080,670.080000,40,0.040000,226579559,1035168,656,526,rgb24,1:1,I,0,0,0,0,0,0.635481
frame,video,0,1,671800,671.800000,671800,671.800000,671800,671.800000,40,0.040000,227584847,1035168,656,526,rgb24,1:1,I,0,0,0,0,0,0.478770
frame,video,0,1,676240,676.240000,676240,676.240000,676240,676.240000,40,0.040000,229808590,1035168,656,526,rgb24,1:1,I,0,0,0,0,0,0.751462
frame,video,0,1,680680,680.680000,680680,680.680000,680680,680.680000,40,0.040000,231429926,1035168,656,526,rgb24,1:1,I,0,0,0,0,0,1.000000
frame,video,0,1,687040,687.040000,687040,687.040000,687040,687.040000,40,0.040000,231997707,1035168,656,526,rgb24,1:1,I,0,0,0,0,0,0.929163
frame,video,0,1,692920,692.920000,692920,692.920000,692920,692.920000,40,0.040000,234078101,1035168,656,526,rgb24,1:1,I,0,0,0,0,0,0.309279
frame,video,0,1,693160,693.160000,693160,693.160000,693160,693.160000,40,0.040000,234189101,1035168,656,526,rgb24,1:1,I,0,0,0,0,0,0.610026
frame,video,0,1,693240,693.240000,693240,693.240000,693240,693.240000,40,0.040000,234216267,1035168,656,526,rgb24,1:1,I,0,0,0,0,0,0.921622
frame,video,0,1,698880,698.880000,698880,698.880000,698880,698.880000,40,0.040000,235387774,1035168,656,526,rgb24,1:1,I,0,0,0,0,0,0.300453
frame,video,0,1,699000,699.000000,699000,699.000000,699000,699.000000,40,0.040000,235431196,1035168,656,526,rgb24,1:1,I,0,0,0,0,0,0.360427
frame,video,0,1,702720,702.720000,702720,702.720000,702720,702.720000,40,0.040000,236017732,1035168,656,526,rgb24,1:1,I,0,0,0,0,0,0.465380
frame,video,0,1,709600,709.600000,709600,709.600000,709600,709.600000,40,0.040000,238608335,1035168,656,526,rgb24,1:1,I,0,0,0,0,0,0.420217
frame,video,0,1,709640,709.640000,709640,709.640000,709640,709.640000,40,0.040000,238637123,1035168,656,526,rgb24,1:1,I,0,0,0,0,0,0.432493
frame,video,0,1,728240,728.240000,728240,728.240000,728240,728.240000,40,0.040000,243786456,1035168,656,526,rgb24,1:1,I,0,0,0,0,0,0.349888
frame,video,0,1,728320,728.320000,728320,728.320000,728320,728.320000,40,0.040000,243829660,1035168,656,526,rgb24,1:1,I,0,0,0,0,0,0.411412
frame,video,0,1,733840,733.840000,733840,733.840000,733840,733.840000,40,0.040000,245825961,1035168,656,526,rgb24,1:1,I,0,0,0,0,0,0.350477
frame,video,0,1,740280,740.280000,740280,740.280000,740280,740.280000,40,0.040000,246388142,1035168,656,526,rgb24,1:1,I,0,0,0,0,0,0.807317
frame,video,0,1,749840,749.840000,749840,749.840000,749840,749.840000,40,0.040000,250670755,1035168,656,526,rgb24,1:1,I,0,0,0,0,0,0.547350
frame,video,0,1,754400,754.400000,754400,754.400000,754400,754.400000,40,0.040000,252055326,1035168,656,526,rgb24,1:1,I,0,0,0,0,0,0.375678
frame,video,0,1,754440,754.440000,754440,754.440000,754440,754.440000,40,0.040000,252081882,1035168,656,526,rgb24,1:1,I,0,0,0,0,0,0.324255
frame,video,0,1,757440,757.440000,757440,757.440000,757440,757.440000,40,0.040000,253123580,1035168,656,526,rgb24,1:1,I,0,0,0,0,0,0.347249
frame,video,0,1,757520,757.520000,757520,757.520000,757520,757.520000,40,0.040000,253154540,1035168,656,526,rgb24,1:1,I,0,0,0,0,0,0.758612
frame,video,0,1,763640,763.640000,763640,763.640000,763640,763.640000,40,0.040000,254752311,1035168,656,526,rgb24,1:1,I,0,0,0,0,0,0.520818
frame,video,0,1,769160,769.160000,769160,769.160000,769160,769.160000,40,0.040000,256228059,1035168,656,526,rgb24,1:1,I,0,0,0,0,0,0.493336
frame,video,0,1,769240,769.240000,769240,769.240000,769240,769.240000,40,0.040000,256249515,1035168,656,526,rgb24,1:1,I,0,0,0,0,0,0.456461
frame,video,0,1,776280,776.280000,776280,776.280000,776280,776.280000,40,0.040000,258105170,1035168,656,526,rgb24,1:1,I,0,0,0,0,0,0.955363
frame,video,0,1,782880,782.880000,782880,782.880000,782880,782.880000,40,0.040000,259934733,1035168,656,526,rgb24,1:1,I,0,0,0,0,0,0.336752
frame,video,0,1,787640,787.640000,787640,787.640000,787640,787.640000,40,0.040000,260976424,1035168,656,526,rgb24,1:1,I,0,0,0,0,0,0.334179
frame,video,0,1,787760,787.760000,787760,787.760000,787760,787.760000,40,0.040000,260998304,1035168,656,526,rgb24,1:1,I,0,0,0,0,0,0.670296
frame,video,0,1,794120,794.120000,794120,794.120000,794120,794.120000,40,0.040000,263003018,1035168,656,526,rgb24,1:1,I,0,0,0,0,0,0.657919
frame,video,0,1,797600,797.600000,797600,797.600000,797600,797.600000,40,0.040000,264086547,1035168,656,526,rgb24,1:1,I,0,0,0,0,0,0.762738
frame,video,0,1,806400,806.400000,806400,806.400000,806400,806.400000,40,0.040000,267813157,1035168,656,526,rgb24,1:1,I,0,0,0,0,0,0.843103
frame,video,0,1,815800,815.800000,815800,815.800000,815800,815.800000,40,0.040000,270432581,1035168,656,526,rgb24,1:1,I,0,0,0,0,0,0.627759
frame,video,0,1,832240,832.240000,832240,832.240000,832240,832.240000,40,0.040000,276461314,1035168,656,526,rgb24,1:1,I,0,0,0,0,0,0.462154
frame,video,0,1,832320,832.320000,832320,832.320000,832320,832.320000,40,0.040000,276505182,1035168,656,526,rgb24,1:1,I,0,0,0,0,0,0.386238
frame,video,0,1,846560,846.560000,846560,846.560000,846560,846.560000,40,0.040000,278840232,1035168,656,526,rgb24,1:1,I,0,0,0,0,0,0.320208
frame,video,0,1,852520,852.520000,852520,852.520000,852520,852.520000,40,0.040000,280109624,1035168,656,526,rgb24,1:1,I,0,0,0,0,0,0.451217
frame,video,0,1,863000,863.000000,863000,863.000000,863000,863.000000,40,0.040000,283039908,1035168,656,526,rgb24,1:1,I,0,0,0,0,0,0.407171
frame,video,0,1,868400,868.400000,868400,868.400000,868400,868.400000,40,0.040000,284281562,1035168,656,526,rgb24,1:1,I,0,0,0,0,0,0.396687
frame,video,0,1,887440,887.440000,887440,887.440000,887440,887.440000,40,0.040000,290754302,1035168,656,526,rgb24,1:1,I,0,0,0,0,0,0.398755
frame,video,0,1,919240,919.240000,919240,919.240000,919240,919.240000,40,0.040000,295194957,1035168,656,526,rgb24,1:1,I,0,0,0,0,0,0.300726
frame,video,0,1,919360,919.360000,919360,919.360000,919360,919.360000,40,0.040000,295219102,1035168,656,526,rgb24,1:1,I,0,0,0,0,0,0.403384
frame,video,0,1,941600,941.600000,941600,941.600000,941600,941.600000,40,0.040000,299374198,1035168,656,526,rgb24,1:1,I,0,0,0,0,0,0.334265
frame,video,0,1,946440,946.440000,946440,946.440000,946440,946.440000,40,0.040000,300512460,1035168,656,526,rgb24,1:1,I,0,0,0,0,0,0.614932
frame,video,0,1,950840,950.840000,950840,950.840000,950840,950.840000,40,0.040000,301764896,1035168,656,526,rgb24,1:1,I,0,0,0,0,0,0.396595
frame,video,0,1,959920,959.920000,959920,959.920000,959920,959.920000,40,0.040000,303197350,1035168,656,526,rgb24,1:1,I,0,0,0,0,0,0.493121
frame,video,0,1,961360,961.360000,961360,961.360000,961360,961.360000,40,0.040000,303629355,1035168,656,526,rgb24,1:1,I,0,0,0,0,0,0.372118
frame,video,0,1,961440,961.440000,961440,961.440000,961440,961.440000,40,0.040000,303667429,1035168,656,526,rgb24,1:1,I,0,0,0,0,0,0.312152
frame,video,0,1,966080,966.080000,966080,966.080000,966080,966.080000,40,0.040000,305112293,1035168,656,526,rgb24,1:1,I,0,0,0,0,0,0.580487
frame,video,0,1,975160,975.160000,975160,975.160000,975160,975.160000,40,0.040000,306888389,1035168,656,526,rgb24,1:1,I,0,0,0,0,0,0.352086
frame,video,0,1,979040,979.040000,979040,979.040000,979040,979.040000,40,0.040000,307784811,1035168,656,526,rgb24,1:1,I,0,0,0,0,0,0.386453
frame,video,0,1,981080,981.080000,981080,981.080000,981080,981.080000,40,0.040000,308397325,1035168,656,526,rgb24,1:1,I,0,0,0,0,0,0.357478
frame,video,0,1,984720,984.720000,984720,984.720000,984720,984.720000,40,0.040000,309141196,1035168,656,526,rgb24,1:1,I,0,0,0,0,0,0.402525
frame,video,0,1,987760,987.760000,987760,987.760000,987760,987.760000,40,0.040000,310000053,1035168,656,526,rgb24,1:1,I,0,0,0,0,0,0.598935
frame,video,0,1,989440,989.440000,989440,989.440000,989440,989.440000,40,0.040000,310087713,1035168,656,526,rgb24,1:1,I,0,0,0,0,0,0.464599
frame,video,0,1,993600,993.600000,993600,993.600000,993600,993.600000,40,0.040000,311172426,1035168,656,526,rgb24,1:1,I,0,0,0,0,0,0.321783
frame,video,0,1,1005640,1005.640000,1005640,1005.640000,1005640,1005.640000,40,0.040000,314179351,1035168,656,526,rgb24,1:1,I,0,0,0,0,0,0.340934
frame,video,0,1,1011360,1011.360000,1011360,1011.360000,1011360,1011.360000,40,0.040000,315614337,1035168,656,526,rgb24,1:1,I,0,0,0,0,0,0.300758
frame,video,0,1,1013000,1013.000000,1013000,1013.000000,1013000,1013.000000,40,0.040000,316060008,1035168,656,526,rgb24,1:1,I,0,0,0,0,0,0.428947
frame,video,0,1,1024160,1024.160000,1024160,1024.160000,1024160,1024.160000,40,0.040000,317300656,1035168,656,526,rgb24,1:1,I,0,0,0,0,0,0.453126
frame,video,0,1,1027840,1027.840000,1027840,1027.840000,1027840,1027.840000,40,0.040000,318285393,1035168,656,526,rgb24,1:1,I,0,0,0,0,0,0.399081
frame,video,0,1,1032600,1032.600000,1032600,1032.600000,1032600,1032.600000,40,0.040000,319561999,1035168,656,526,rgb24,1:1,I,0,0,0,0,0,0.390741
frame,video,0,1,1034600,1034.600000,1034600,1034.600000,1034600,1034.600000,40,0.040000,320171620,1035168,656,526,rgb24,1:1,I,0,0,0,0,0,0.333564
frame,video,0,1,1049760,1049.760000,1049760,1049.760000,1049760,1049.760000,40,0.040000,322763680,1035168,656,526,rgb24,1:1,I,0,0,0,0,0,0.371992
frame,video,0,1,1052400,1052.400000,1052400,1052.400000,1052400,1052.400000,40,0.040000,323403047,1035168,656,526,rgb24,1:1,I,0,0,0,0,0,0.388180
frame,video,0,1,1055440,1055.440000,1055440,1055.440000,1055440,1055.440000,40,0.040000,324414904,1035168,656,526,rgb24,1:1,I,0,0,0,0,0,0.445889
frame,video,0,1,1055920,1055.920000,1055920,1055.920000,1055920,1055.920000,40,0.040000,324558395,1035168,656,526,rgb24,1:1,I,0,0,0,0,0,0.341435
frame,video,0,1,1058520,1058.520000,1058520,1058.520000,1058520,1058.520000,40,0.040000,325367732,1035168,656,526,rgb24,1:1,I,0,0,0,0,0,0.366469
frame,video,0,1,1063160,1063.160000,1063160,1063.160000,1063160,1063.160000,40,0.040000,326591040,1035168,656,526,rgb24,1:1,I,0,0,0,0,0,0.374203
frame,video,0,1,1070080,1070.080000,1070080,1070.080000,1070080,1070.080000,40,0.040000,328528445,1035168,656,526,rgb24,1:1,I,0,0,0,0,0,0.353813
frame,video,0,1,1070240,1070.240000,1070240,1070.240000,1070240,1070.240000,40,0.040000,328577517,1035168,656,526,rgb24,1:1,I,0,0,0,0,0,0.337253
frame,video,0,1,1070600,1070.600000,1070600,1070.600000,1070600,1070.600000,40,0.040000,328673504,1035168,656,526,rgb24,1:1,I,0,0,0,0,0,0.537465
frame,video,0,1,1071360,1071.360000,1071360,1071.360000,1071360,1071.360000,40,0.040000,328832695,1035168,656,526,rgb24,1:1,I,0,0,0,0,0,0.418192
frame,video,0,1,1075520,1075.520000,1075520,1075.520000,1075520,1075.520000,40,0.040000,329838982,1035168,656,526,rgb24,1:1,I,0,0,0,0,0,0.338879
frame,video,0,1,1077160,1077.160000,1077160,1077.160000,1077160,1077.160000,40,0.040000,330316887,1035168,656,526,rgb24,1:1,I,0,0,0,0,0,0.616954
frame,video,0,1,1080320,1080.320000,1080320,1080.320000,1080320,1080.320000,40,0.040000,330855331,1035168,656,526,rgb24,1:1,I,0,0,0,0,0,0.394698
frame,video,0,1,1081160,1081.160000,1081160,1081.160000,1081160,1081.160000,40,0.040000,331090680,1035168,656,526,rgb24,1:1,I,0,0,0,0,0,0.484436
frame,video,0,1,1086560,1086.560000,1086560,1086.560000,1086560,1086.560000,40,0.040000,332223165,1035168,656,526,rgb24,1:1,I,0,0,0,0,0,0.306454
frame,video,0,1,1087960,1087.960000,1087960,1087.960000,1087960,1087.960000,40,0.040000,332519486,1035168,656,526,rgb24,1:1,I,0,0,0,0,0,0.392594
frame,video,0,1,1088840,1088.840000,1088840,1088.840000,1088840,1088.840000,40,0.040000,332808828,1035168,656,526,rgb24,1:1,I,0,0,0,0,0,0.436568
frame,video,0,1,1090080,1090.080000,1090080,1090.080000,1090080,1090.080000,40,0.040000,333214038,1035168,656,526,rgb24,1:1,I,0,0,0,0,0,0.330497
frame,video,0,1,1091840,1091.840000,1091840,1091.840000,1091840,1091.840000,40,0.040000,333655509,1035168,656,526,rgb24,1:1,I,0,0,0,0,0,0.513086
frame,video,0,1,1091960,1091.960000,1091960,1091.960000,1091960,1091.960000,40,0.040000,333722810,1035168,656,526,rgb24,1:1,I,0,0,0,0,0,0.343321
frame,video,0,1,1093600,1093.600000,1093600,1093.600000,1093600,1093.600000,40,0.040000,334064298,1035168,656,526,rgb24,1:1,I,0,0,0,0,0,0.337618
frame,video,0,1,1095760,1095.760000,1095760,1095.760000,1095760,1095.760000,40,0.040000,334601646,1035168,656,526,rgb24,1:1,I,0,0,0,0,0,0.394026
frame,video,0,1,1099240,1099.240000,1099240,1099.240000,1099240,1099.240000,40,0.040000,335555968,1035168,656,526,rgb24,1:1,I,0,0,0,0,0,0.320918
frame,video,0,1,1104080,1104.080000,1104080,1104.080000,1104080,1104.080000,40,0.040000,336613286,1035168,656,526,rgb24,1:1,I,0,0,0,0,0,0.416065
frame,video,0,1,1106840,1106.840000,1106840,1106.840000,1106840,1106.840000,40,0.040000,337157583,1035168,656,526,rgb24,1:1,I,0,0,0,0,0,0.349416
frame,video,0,1,1126320,1126.320000,1126320,1126.320000,1126320,1126.320000,40,0.040000,342130033,1035168,656,526,rgb24,1:1,I,0,0,0,0,0,0.318444
frame,video,0,1,1133520,1133.520000,1133520,1133.520000,1133520,1133.520000,40,0.040000,343175280,1035168,656,526,rgb24,1:1,I,0,0,0,0,0,0.352786
frame,video,0,1,1134520,1134.520000,1134520,1134.520000,1134520,1134.520000,40,0.040000,343421391,1035168,656,526,rgb24,1:1,I,0,0,0,0,0,0.305718
frame,video,0,1,1135440,1135.440000,1135440,1135.440000,1135440,1135.440000,40,0.040000,343582260,1035168,656,526,rgb24,1:1,I,0,0,0,0,0,0.571735
frame,video,0,1,1136600,1136.600000,1136600,1136.600000,1136600,1136.600000,40,0.040000,343882654,1035168,656,526,rgb24,1:1,I,0,0,0,0,0,0.423108
frame,video,0,1,1144920,1144.920000,1144920,1144.920000,1144920,1144.920000,40,0.040000,345535856,1035168,656,526,rgb24,1:1,I,0,0,0,0,0,0.382583
frame,video,0,1,1150520,1150.520000,1150520,1150.520000,1150520,1150.520000,40,0.040000,346184009,1035168,656,526,rgb24,1:1,I,0,0,0,0,0,0.444530
frame,video,0,1,1152120,1152.120000,1152120,1152.120000,1152120,1152.120000,40,0.040000,346744353,1035168,656,526,rgb24,1:1,I,0,0,0,0,0,0.344891
frame,video,0,1,1155320,1155.320000,1155320,1155.320000,1155320,1155.320000,40,0.040000,347777009,1035168,656,526,rgb24,1:1,I,0,0,0,0,0,0.487147
frame,video,0,1,1167600,1167.600000,1167600,1167.600000,1167600,1167.600000,40,0.040000,351819481,1035168,656,526,rgb24,1:1,I,0,0,0,0,0,0.792953
frame,video,0,1,1175960,1175.960000,1175960,1175.960000,1175960,1175.960000,40,0.040000,353908803,1035168,656,526,rgb24,1:1,I,0,0,0,0,0,0.306635
frame,video,0,1,1176080,1176.080000,1176080,1176.080000,1176080,1176.080000,40,0.040000,353951963,1035168,656,526,rgb24,1:1,I,0,0,0,0,0,0.466596
frame,video,0,1,1181320,1181.320000,1181320,1181.320000,1181320,1181.320000,40,0.040000,355741262,1035168,656,526,rgb24,1:1,I,0,0,0,0,0,0.332596
frame,video,0,1,1181440,1181.440000,1181440,1181.440000,1181440,1181.440000,40,0.040000,355785403,1035168,656,526,rgb24,1:1,I,0,0,0,0,0,0.324287
frame,video,0,1,1181600,1181.600000,1181600,1181.600000,1181600,1181.600000,40,0.040000,355852928,1035168,656,526,rgb24,1:1,I,0,0,0,0,0,0.301024
frame,video,0,1,1184000,1184.000000,1184000,1184.000000,1184000,1184.000000,40,0.040000,356636293,1035168,656,526,rgb24,1:1,I,0,0,0,0,0,0.589566
frame,video,0,1,1188920,1188.920000,1188920,1188.920000,1188920,1188.920000,40,0.040000,358321990,1035168,656,526,rgb24,1:1,I,0,0,0,0,0,0.321688
frame,video,0,1,1194440,1194.440000,1194440,1194.440000,1194440,1194.440000,40,0.040000,359958291,1035168,656,526,rgb24,1:1,I,0,0,0,0,0,0.353826
frame,video,0,1,1200760,1200.760000,1200760,1200.760000,1200760,1200.760000,40,0.040000,361431405,1035168,656,526,rgb24,1:1,I,0,0,0,0,0,0.418425
frame,video,0,1,1214080,1214.080000,1214080,1214.080000,1214080,1214.080000,40,0.040000,365503308,1035168,656,526,rgb24,1:1,I,0,0,0,0,0,0.655006
frame,video,0,1,1216560,1216.560000,1216560,1216.560000,1216560,1216.560000,40,0.040000,366202686,1035168,656,526,rgb24,1:1,I,0,0,0,0,0,0.507036
frame,video,0,1,1228320,1228.320000,1228320,1228.320000,1228320,1228.320000,40,0.040000,369901478,1035168,656,526,rgb24,1:1,I,0,0,0,0,0,0.301583
frame,video,0,1,1231360,1231.360000,1231360,1231.360000,1231360,1231.360000,40,0.040000,370700442,1035168,656,526,rgb24,1:1,I,0,0,0,0,0,0.307389
frame,video,0,1,1239920,1239.920000,1239920,1239.920000,1239920,1239.920000,40,0.040000,372890169,1035168,656,526,rgb24,1:1,I,0,0,0,0,0,0.388402
frame,video,0,1,1267360,1267.360000,1267360,1267.360000,1267360,1267.360000,40,0.040000,378733469,1035168,656,526,rgb24,1:1,I,0,0,0,0,0,0.364662
frame,video,0,1,1268680,1268.680000,1268680,1268.680000,1268680,1268.680000,40,0.040000,379223824,1035168,656,526,rgb24,1:1,I,0,0,0,0,0,0.484544
frame,video,0,1,1273840,1273.840000,1273840,1273.840000,1273840,1273.840000,40,0.040000,380159598,1035168,656,526,rgb24,1:1,I,0,0,0,0,0,0.383936
frame,video,0,1,1274720,1274.720000,1274720,1274.720000,1274720,1274.720000,40,0.040000,380506697,1035168,656,526,rgb24,1:1,I,0,0,0,0,0,0.336965
frame,video,0,1,1285360,1285.360000,1285360,1285.360000,1285360,1285.360000,40,0.040000,383075446,1035168,656,526,rgb24,1:1,I,0,0,0,0,0,0.508884
frame,video,0,1,1286280,1286.280000,1286280,1286.280000,1286280,1286.280000,40,0.040000,383421675,1035168,656,526,rgb24,1:1,I,0,0,0,0,0,0.358050
frame,video,0,1,1287920,1287.920000,1287920,1287.920000,1287920,1287.920000,40,0.040000,383844227,1035168,656,526,rgb24,1:1,I,0,0,0,0,0,0.540188
frame,video,0,1,1288840,1288.840000,1288840,1288.840000,1288840,1288.840000,40,0.040000,384242468,1035168,656,526,rgb24,1:1,I,0,0,0,0,0,0.484976
frame,video,0,1,1291320,1291.320000,1291320,1291.320000,1291320,1291.320000,40,0.040000,384881327,1035168,656,526,rgb24,1:1,I,0,0,0,0,0,0.470274
frame,video,0,1,1317600,1317.600000,1317600,1317.600000,1317600,1317.600000,40,0.040000,391424958,1035168,656,526,rgb24,1:1,I,0,0,0,0,0,0.354104
frame,video,0,1,1322560,1322.560000,1322560,1322.560000,1322560,1322.560000,40,0.040000,392682311,1035168,656,526,rgb24,1:1,I,0,0,0,0,0,0.361141
frame,video,0,1,1325600,1325.600000,1325600,1325.600000,1325600,1325.600000,40,0.040000,393509346,1035168,656,526,rgb24,1:1,I,0,0,0,0,0,0.357115
frame,video,0,1,1327320,1327.320000,1327320,1327.320000,1327320,1327.320000,40,0.040000,393627433,1035168,656,526,rgb24,1:1,I,0,0,0,0,0,0.347520
frame,video,0,1,1331480,1331.480000,1331480,1331.480000,1331480,1331.480000,40,0.040000,394865309,1035168,656,526,rgb24,1:1,I,0,0,0,0,0,0.312862
frame,video,0,1,1341360,1341.360000,1341360,1341.360000,1341360,1341.360000,40,0.040000,397618983,1035168,656,526,rgb24,1:1,I,0,0,0,0,0,0.417673
frame,video,0,1,1343800,1343.800000,1343800,1343.800000,1343800,1343.800000,40,0.040000,398364357,1035168,656,526,rgb24,1:1,I,0,0,0,0,0,0.398906
frame,video,0,1,1348160,1348.160000,1348160,1348.160000,1348160,1348.160000,40,0.040000,399717407,1035168,656,526,rgb24,1:1,I,0,0,0,0,0,0.414941
frame,video,0,1,1349840,1349.840000,1349840,1349.840000,1349840,1349.840000,40,0.040000,400181499,1035168,656,526,rgb24,1:1,I,0,0,0,0,0,0.401812
frame,video,0,1,1360720,1360.720000,1360720,1360.720000,1360720,1360.720000,40,0.040000,402400089,1035168,656,526,rgb24,1:1,I,0,0,0,0,0,0.382393
frame,video,0,1,1366080,1366.080000,1366080,1366.080000,1366080,1366.080000,40,0.040000,403966417,1035168,656,526,rgb24,1:1,I,0,0,0,0,0,0.677089
frame,video,0,1,1372840,1372.840000,1372840,1372.840000,1372840,1372.840000,40,0.040000,405977828,1035168,656,526,rgb24,1:1,I,0,0,0,0,0,0.457564
frame,video,0,1,1380600,1380.600000,1380600,1380.600000,1380600,1380.600000,40,0.040000,408106680,1035168,656,526,rgb24,1:1,I,0,0,0,0,0,0.334698
frame,video,0,1,1393160,1393.160000,1393160,1393.160000,1393160,1393.160000,40,0.040000,411601248,1035168,656,526,rgb24,1:1,I,0,0,0,0,0,0.327709
frame,video,0,1,1393240,1393.240000,1393240,1393.240000,1393240,1393.240000,40,0.040000,411616202,1035168,656,526,rgb24,1:1,I,0,0,0,0,0,0.513632
frame,video,0,1,1395520,1395.520000,1395520,1395.520000,1395520,1395.520000,40,0.040000,412318944,1035168,656,526,rgb24,1:1,I,0,0,0,0,0,0.393517
frame,video,0,1,1399640,1399.640000,1399640,1399.640000,1399640,1399.640000,40,0.040000,413452703,1035168,656,526,rgb24,1:1,I,0,0,0,0,0,0.391071
frame,video,0,1,1401000,1401.000000,1401000,1401.000000,1401000,1401.000000,40,0.040000,414039056,1035168,656,526,rgb24,1:1,I,0,0,0,0,0,0.508062
frame,video,0,1,1406680,1406.680000,1406680,1406.680000,1406680,1406.680000,40,0.040000,415669794,1035168,656,526,rgb24,1:1,I,0,0,0,0,0,0.504629
frame,video,0,1,1417160,1417.160000,1417160,1417.160000,1417160,1417.160000,40,0.040000,418801781,1035168,656,526,rgb24,1:1,I,0,0,0,0,0,0.375903
frame,video,0,1,1419520,1419.520000,1419520,1419.520000,1419520,1419.520000,40,0.040000,419491153,1035168,656,526,rgb24,1:1,I,0,0,0,0,0,0.381300
frame,video,0,1,1421440,1421.440000,1421440,1421.440000,1421440,1421.440000,40,0.040000,420178999,1035168,656,526,rgb24,1:1,I,0,0,0,0,0,0.436725
frame,video,0,1,1427000,1427.000000,1427000,1427.000000,1427000,1427.000000,40,0.040000,420692896,1035168,656,526,rgb24,1:1,I,0,0,0,0,0,0.391057
frame,video,0,1,1430520,1430.520000,1430520,1430.520000,1430520,1430.520000,40,0.040000,421922263,1035168,656,526,rgb24,1:1,I,0,0,0,0,0,0.451479
frame,video,0,1,1434840,1434.840000,1434840,1434.840000,1434840,1434.840000,40,0.040000,423193908,1035168,656,526,rgb24,1:1,I,0,0,0,0,0,0.449652
frame,video,0,1,1448400,1448.400000,1448400,1448.400000,1448400,1448.400000,40,0.040000,428245101,1035168,656,526,rgb24,1:1,I,0,0,0,0,0,0.681989
frame,video,0,1,1462880,1462.880000,1462880,1462.880000,1462880,1462.880000,40,0.040000,432240019,1035168,656,526,rgb24,1:1,I,0,0,0,0,0,0.321156
frame,video,0,1,1464720,1464.720000,1464720,1464.720000,1464720,1464.720000,40,0.040000,432807782,1035168,656,526,rgb24,1:1,I,0,0,0,0,0,0.451704
frame,video,0,1,1489440,1489.440000,1489440,1489.440000,1489440,1489.440000,40,0.040000,437473833,1035168,656,526,rgb24,1:1,I,0,0,0,0,0,0.499478
frame,video,0,1,1502080,1502.080000,1502080,1502.080000,1502080,1502.080000,40,0.040000,442414106,1035168,656,526,rgb24,1:1,I,0,0,0,0,0,0.380613
frame,video,0,1,1529600,1529.600000,1529600,1529.600000,1529600,1529.600000,40,0.040000,449307243,1035168,656,526,rgb24,1:1,I,0,0,0,0,0,0.342374
frame,video,0,1,1530680,1530.680000,1530680,1530.680000,1530680,1530.680000,40,0.040000,449616963,1035168,656,526,rgb24,1:1,I,0,0,0,0,0,0.313254
frame,video,0,1,1537800,1537.800000,1537800,1537.800000,1537800,1537.800000,40,0.040000,451576860,1035168,656,526,rgb24,1:1,I,0,0,0,0,0,0.521780
frame,video,0,1,1540760,1540.760000,1540760,1540.760000,1540760,1540.760000,40,0.040000,452359170,1035168,656,526,rgb24,1:1,I,0,0,0,0,0,0.499280
frame,video,0,1,1542240,1542.240000,1542240,1542.240000,1542240,1542.240000,40,0.040000,452811397,1035168,656,526,rgb24,1:1,I,0,0,0,0,0,0.754931
frame,video,0,1,1543320,1543.320000,1543320,1543.320000,1543320,1543.320000,40,0.040000,453147778,1035168,656,526,rgb24,1:1,I,0,0,0,0,0,0.800247
frame,video,0,1,1544440,1544.440000,1544440,1544.440000,1544440,1544.440000,40,0.040000,453493515,1035168,656,526,rgb24,1:1,I,0,0,0,0,0,0.645862
frame,video,0,1,1545680,1545.680000,1545680,1545.680000,1545680,1545.680000,40,0.040000,453855412,1035168,656,526,rgb24,1:1,I,0,0,0,0,0,0.466659
frame,video,0,1,1546120,1546.120000,1546120,1546.120000,1546120,1546.120000,40,0.040000,454035597,1035168,656,526,rgb24,1:1,I,0,0,0,0,0,0.801517
frame,video,0,1,1550400,1550.400000,1550400,1550.400000,1550400,1550.400000,40,0.040000,454349827,1035168,656,526,rgb24,1:1,I,0,0,0,0,0,0.535119
frame,video,0,1,1553480,1553.480000,1553480,1553.480000,1553480,1553.480000,40,0.040000,455262649,1035168,656,526,rgb24,1:1,I,0,0,0,0,0,0.552613
frame,video,0,1,1557920,1557.920000,1557920,1557.920000,1557920,1557.920000,40,0.040000,456286516,1035168,656,526,rgb24,1:1,I,0,0,0,0,0,0.601113
frame,video,0,1,1575760,1575.760000,1575760,1575.760000,1575760,1575.760000,40,0.040000,460123724,1035168,656,526,rgb24,1:1,I,0,0,0,0,0,0.358261
frame,video,0,1,1587200,1587.200000,1587200,1587.200000,1587200,1587.200000,40,0.040000,463049283,1035168,656,526,rgb24,1:1,I,0,0,0,0,0,0.304885
frame,video,0,1,1613000,1613.000000,1613000,1613.000000,1613000,1613.000000,40,0.040000,468875637,1035168,656,526,rgb24,1:1,I,0,0,0,0,0,0.317452
frame,video,0,1,1614520,1614.520000,1614520,1614.520000,1614520,1614.520000,40,0.040000,469160617,1035168,656,526,rgb24,1:1,I,0,0,0,0,0,0.512015
frame,video,0,1,1616760,1616.760000,1616760,1616.760000,1616760,1616.760000,40,0.040000,469596831,1035168,656,526,rgb24,1:1,I,0,0,0,0,0,0.425388
frame,video,0,1,1639480,1639.480000,1639480,1639.480000,1639480,1639.480000,40,0.040000,476993012,1035168,656,526,rgb24,1:1,I,0,0,0,0,0,0.317263
frame,video,0,1,1642400,1642.400000,1642400,1642.400000,1642400,1642.400000,40,0.040000,477637502,1035168,656,526,rgb24,1:1,I,0,0,0,0,0,0.545532
frame,video,0,1,1644560,1644.560000,1644560,1644.560000,1644560,1644.560000,40,0.040000,478269924,1035168,656,526,rgb24,1:1,I,0,0,0,0,0,0.487986
frame,video,0,1,1645440,1645.440000,1645440,1645.440000,1645440,1645.440000,40,0.040000,478483418,1035168,656,526,rgb24,1:1,I,0,0,0,0,0,0.377293
frame,video,0,1,1657520,1657.520000,1657520,1657.520000,1657520,1657.520000,40,0.040000,481070387,1035168,656,526,rgb24,1:1,I,0,0,0,0,0,0.446099
frame,video,0,1,1659760,1659.760000,1659760,1659.760000,1659760,1659.760000,40,0.040000,481621604,1035168,656,526,rgb24,1:1,I,0,0,0,0,0,0.824406
frame,video,0,1,1677440,1677.440000,1677440,1677.440000,1677440,1677.440000,40,0.040000,484936902,1035168,656,526,rgb24,1:1,I,0,0,0,0,0,0.468335
frame,video,0,1,1683360,1683.360000,1683360,1683.360000,1683360,1683.360000,40,0.040000,486329501,1035168,656,526,rgb24,1:1,I,0,0,0,0,0,0.570719
frame,video,0,1,1690400,1690.400000,1690400,1690.400000,1690400,1690.400000,40,0.040000,488147423,1035168,656,526,rgb24,1:1,I,0,0,0,0,0,0.416999
frame,video,0,1,1721320,1721.320000,1721320,1721.320000,1721320,1721.320000,40,0.040000,495391296,1035168,656,526,rgb24,1:1,I,0,0,0,0,0,0.386203
frame,video,0,1,1726400,1726.400000,1726400,1726.400000,1726400,1726.400000,40,0.040000,497190302,1035168,656,526,rgb24,1:1,I,0,0,0,0,0,0.481675
frame,video,0,1,1748400,1748.400000,1748400,1748.400000,1748400,1748.400000,40,0.040000,502931971,1035168,656,526,rgb24,1:1,I,0,0,0,0,0,0.372314
frame,video,0,1,1755920,1755.920000,1755920,1755.920000,1755920,1755.920000,40,0.040000,505248909,1035168,656,526,rgb24,1:1,I,0,0,0,0,0,0.392262
frame,video,0,1,1757840,1757.840000,1757840,1757.840000,1757840,1757.840000,40,0.040000,505821376,1035168,656,526,rgb24,1:1,I,0,0,0,0,0,0.321531
frame,video,0,1,1770840,1770.840000,1770840,1770.840000,1770840,1770.840000,40,0.040000,508343986,1035168,656,526,rgb24,1:1,I,0,0,0,0,0,0.312984
frame,video,0,1,1780880,1780.880000,1780880,1780.880000,1780880,1780.880000,40,0.040000,510218391,1035168,656,526,rgb24,1:1,I,0,0,0,0,0,0.546009
frame,video,0,1,1782280,1782.280000,1782280,1782.280000,1782280,1782.280000,40,0.040000,510860285,1035168,656,526,rgb24,1:1,I,0,0,0,0,0,0.527623
frame,video,0,1,1802400,1802.400000,1802400,1802.400000,1802400,1802.400000,40,0.040000,514547428,1035168,656,526,rgb24,1:1,I,0,0,0,0,0,0.580760
frame,video,0,1,1804720,1804.720000,1804720,1804.720000,1804720,1804.720000,40,0.040000,515607602,1035168,656,526,rgb24,1:1,I,0,0,0,0,0,0.319232
frame,video,0,1,1821800,1821.800000,1821800,1821.800000,1821800,1821.800000,40,0.040000,518619426,1035168,656,526,rgb24,1:1,I,0,0,0,0,0,0.505513
frame,video,0,1,1840720,1840.720000,1840720,1840.720000,1840720,1840.720000,40,0.040000,523285234,1035168,656,526,rgb24,1:1,I,0,0,0,0,0,0.347527
frame,video,0,1,1885160,1885.160000,1885160,1885.160000,1885160,1885.160000,40,0.040000,534323299,1035168,656,526,rgb24,1:1,I,0,0,0,0,0,0.330562
frame,video,0,1,1892240,1892.240000,1892240,1892.240000,1892240,1892.240000,40,0.040000,536390304,1035168,656,526,rgb24,1:1,I,0,0,0,0,0,0.393505
frame,video,0,1,1898320,1898.320000,1898320,1898.320000,1898320,1898.320000,40,0.040000,538117363,1035168,656,526,rgb24,1:1,I,0,0,0,0,0,0.444001
frame,video,0,1,1909480,1909.480000,1909480,1909.480000,1909480,1909.480000,40,0.040000,539403569,1035168,656,526,rgb24,1:1,I,0,0,0,0,0,0.351045
frame,video,0,1,1910400,1910.400000,1910400,1910.400000,1910400,1910.400000,40,0.040000,539781518,1035168,656,526,rgb24,1:1,I,0,0,0,0,0,0.315087
frame,video,0,1,1911760,1911.760000,1911760,1911.760000,1911760,1911.760000,40,0.040000,540061577,1035168,656,526,rgb24,1:1,I,0,0,0,0,0,0.370584
frame,video,0,1,1916080,1916.080000,1916080,1916.080000,1916080,1916.080000,40,0.040000,541694299,1035168,656,526,rgb24,1:1,I,0,0,0,0,0,0.410600
frame,video,0,1,1920720,1920.720000,1920720,1920.720000,1920720,1920.720000,40,0.040000,543064465,1035168,656,526,rgb24,1:1,I,0,0,0,0,0,0.401356
frame,video,0,1,1923320,1923.320000,1923320,1923.320000,1923320,1923.320000,40,0.040000,543807555,1035168,656,526,rgb24,1:1,I,0,0,0,0,0,0.400622
frame,video,0,1,1958880,1958.880000,1958880,1958.880000,1958880,1958.880000,40,0.040000,556083866,1035168,656,526,rgb24,1:1,I,0,0,0,0,0,0.411746
frame,video,0,1,1961440,1961.440000,1961440,1961.440000,1961440,1961.440000,40,0.040000,556843855,1035168,656,526,rgb24,1:1,I,0,0,0,0,0,0.439986
frame,video,0,1,1978160,1978.160000,1978160,1978.160000,1978160,1978.160000,40,0.040000,562547221,1035168,656,526,rgb24,1:1,I,0,0,0,0,0,0.330639
frame,video,0,1,1984240,1984.240000,1984240,1984.240000,1984240,1984.240000,40,0.040000,564290052,1035168,656,526,rgb24,1:1,I,0,0,0,0,0,0.322556
frame,video,0,1,1997320,1997.320000,1997320,1997.320000,1997320,1997.320000,40,0.040000,568345429,1035168,656,526,rgb24,1:1,I,0,0,0,0,0,0.408397
frame,video,0,1,2002840,2002.840000,2002840,2002.840000,2002840,2002.840000,40,0.040000,570281214,1035168,656,526,rgb24,1:1,I,0,0,0,0,0,0.432409
frame,video,0,1,2006400,2006.400000,2006400,2006.400000,2006400,2006.400000,40,0.040000,571226125,1035168,656,526,rgb24,1:1,I,0,0,0,0,0,0.304544
frame,video,0,1,2017760,2017.760000,2017760,2017.760000,2017760,2017.760000,40,0.040000,575336358,1035168,656,526,rgb24,1:1,I,0,0,0,0,0,0.403977
frame,video,0,1,2022400,2022.400000,2022400,2022.400000,2022400,2022.400000,40,0.040000,576877418,1035168,656,526,rgb24,1:1,I,0,0,0,0,0,0.504167
frame,video,0,1,2028080,2028.080000,2028080,2028.080000,2028080,2028.080000,40,0.040000,578541713,1035168,656,526,rgb24,1:1,I,0,0,0,0,0,0.415484
frame,video,0,1,2038280,2038.280000,2038280,2038.280000,2038280,2038.280000,40,0.040000,581693786,1035168,656,526,rgb24,1:1,I,0,0,0,0,0,0.441481
frame,video,0,1,2075040,2075.040000,2075040,2075.040000,2075040,2075.040000,40,0.040000,594268389,1035168,656,526,rgb24,1:1,I,0,0,0,0,0,0.384687
frame,video,0,1,2089080,2089.080000,2089080,2089.080000,2089080,2089.080000,40,0.040000,599832716,1035168,656,526,rgb24,1:1,I,0,0,0,0,0,0.544950
frame,video,0,1,2104240,2104.240000,2104240,2104.240000,2104240,2104.240000,40,0.040000,602550561,1035168,656,526,rgb24,1:1,I,0,0,0,0,0,0.716722
frame,video,0,1,2104280,2104.280000,2104280,2104.280000,2104280,2104.280000,40,0.040000,602683540,1035168,656,526,rgb24,1:1,I,0,0,0,0,0,0.328307
frame,video,0,1,2111800,2111.800000,2111800,2111.800000,2111800,2111.800000,40,0.040000,606123286,1035168,656,526,rgb24,1:1,I,0,0,0,0,0,0.537637
frame,video,0,1,2132920,2132.920000,2132920,2132.920000,2132920,2132.920000,40,0.040000,612086473,1035168,656,526,rgb24,1:1,I,0,0,0,0,0,0.331294
frame,video,0,1,2140320,2140.320000,2140320,2140.320000,2140320,2140.320000,40,0.040000,614389716,1035168,656,526,rgb24,1:1,I,0,0,0,0,0,0.395964
frame,video,0,1,2164840,2164.840000,2164840,2164.840000,2164840,2164.840000,40,0.040000,623512528,1035168,656,526,rgb24,1:1,I,0,0,0,0,0,0.326498
frame,video,0,1,2205400,2205.400000,2205400,2205.400000,2205400,2205.400000,40,0.040000,634507312,1035168,656,526,rgb24,1:1,I,0,0,0,0,0,0.498942
frame,video,0,1,2219320,2219.320000,2219320,2219.320000,2219320,2219.320000,40,0.040000,637717352,1035168,656,526,rgb24,1:1,I,0,0,0,0,0,0.315402
frame,video,0,1,2220400,2220.400000,2220400,2220.400000,2220400,2220.400000,40,0.040000,638042703,1035168,656,526,rgb24,1:1,I,0,0,0,0,0,0.327991
frame,video,0,1,2228400,2228.400000,2228400,2228.400000,2228400,2228.400000,40,0.040000,639698088,1035168,656,526,rgb24,1:1,I,0,0,0,0,0,0.494184
frame,video,0,1,2229240,2229.240000,2229240,2229.240000,2229240,2229.240000,40,0.040000,639988352,1035168,656,526,rgb24,1:1,I,0,0,0,0,0,0.408985
frame,video,0,1,2325160,2325.160000,2325160,2325.160000,2325160,2325.160000,40,0.040000,666222394,1035168,656,526,rgb24,1:1,I,0,0,0,0,0,0.432439
frame,video,0,1,2333920,2333.920000,2333920,2333.920000,2333920,2333.920000,40,0.040000,668080413,1035168,656,526,rgb24,1:1,I,0,0,0,0,0,0.321894
frame,video,0,1,2335400,2335.400000,2335400,2335.400000,2335400,2335.400000,40,0.040000,668389223,1035168,656,526,rgb24,1:1,I,0,0,0,0,0,0.354270
frame,video,0,1,2336720,2336.720000,2336720,2336.720000,2336720,2336.720000,40,0.040000,668821564,1035168,656,526,rgb24,1:1,I,0,0,0,0,0,0.404656
frame,video,0,1,2351760,2351.760000,2351760,2351.760000,2351760,2351.760000,40,0.040000,672498271,1035168,656,526,rgb24,1:1,I,0,0,0,0,0,0.421038
frame,video,0,1,2352440,2352.440000,2352440,2352.440000,2352440,2352.440000,40,0.040000,672774083,1035168,656,526,rgb24,1:1,I,0,0,0,0,0,0.566330
frame,video,0,1,2352520,2352.520000,2352520,2352.520000,2352520,2352.520000,40,0.040000,672823069,1035168,656,526,rgb24,1:1,I,0,0,0,0,0,0.425458
frame,video,0,1,2352880,2352.880000,2352880,2352.880000,2352880,2352.880000,40,0.040000,672935330,1035168,656,526,rgb24,1:1,I,0,0,0,0,0,0.347693
frame,video,0,1,2353480,2353.480000,2353480,2353.480000,2353480,2353.480000,40,0.040000,673129153,1035168,656,526,rgb24,1:1,I,0,0,0,0,0,0.769114
frame,video,0,1,2353600,2353.600000,2353600,2353.600000,2353600,2353.600000,40,0.040000,673216620,1035168,656,526,rgb24,1:1,I,0,0,0,0,0,0.432105
frame,video,0,1,2369520,2369.520000,2369520,2369.520000,2369520,2369.520000,40,0.040000,678272957,1035168,656,526,rgb24,1:1,I,0,0,0,0,0,0.440829
frame,video,0,1,2375040,2375.040000,2375040,2375.040000,2375040,2375.040000,40,0.040000,679649380,1035168,656,526,rgb24,1:1,I,0,0,0,0,0,0.323649
frame,video,0,1,2378120,2378.120000,2378120,2378.120000,2378120,2378.120000,40,0.040000,680890005,1035168,656,526,rgb24,1:1,I,0,0,0,0,0,0.583065
frame,video,0,1,2385000,2385.000000,2385000,2385.000000,2385000,2385.000000,40,0.040000,682712582,1035168,656,526,rgb24,1:1,I,0,0,0,0,0,0.385398
frame,video,0,1,2392560,2392.560000,2392560,2392.560000,2392560,2392.560000,40,0.040000,684355519,1035168,656,526,rgb24,1:1,I,0,0,0,0,0,0.428061
frame,video,0,1,2393520,2393.520000,2393520,2393.520000,2393520,2393.520000,40,0.040000,684649938,1035168,656,526,rgb24,1:1,I,0,0,0,0,0,0.318777
frame,video,0,1,2514080,2514.080000,2514080,2514.080000,2514080,2514.080000,40,0.040000,704214254,1035168,656,526,rgb24,1:1,I,0,0,0,0,0,0.436594
frame,video,0,1,2556440,2556.440000,2556440,2556.440000,2556440,2556.440000,40,0.040000,712127535,1035168,656,526,rgb24,1:1,I,0,0,0,0,0,0.571389
frame,video,0,1,2556720,2556.720000,2556720,2556.720000,2556720,2556.720000,40,0.040000,712255913,1035168,656,526,rgb24,1:1,I,0,0,0,0,0,0.511608
frame,video,0,1,2571160,2571.160000,2571160,2571.160000,2571160,2571.160000,40,0.040000,716136009,1035168,656,526,rgb24,1:1,I,0,0,0,0,0,0.393228
frame,video,0,1,2575800,2575.800000,2575800,2575.800000,2575800,2575.800000,40,0.040000,717736875,1035168,656,526,rgb24,1:1,I,0,0,0,0,0,0.436715
frame,video,0,1,2613080,2613.080000,2613080,2613.080000,2613080,2613.080000,40,0.040000,723371935,1035168,656,526,rgb24,1:1,I,0,0,0,0,0,0.324208
frame,video,0,1,2646000,2646.000000,2646000,2646.000000,2646000,2646.000000,40,0.040000,728283934,1035168,656,526,rgb24,1:1,I,0,0,0,0,0,0.331773
frame,video,0,1,2654240,2654.240000,2654240,2654.240000,2654240,2654.240000,40,0.040000,730330064,1035168,656,526,rgb24,1:1,I,0,0,0,0,0,0.302586
frame,video,0,1,2671160,2671.160000,2671160,2671.160000,2671160,2671.160000,40,0.040000,733988255,1035168,656,526,rgb24,1:1,I,0,0,0,0,0,0.325957
frame,video,0,1,2696280,2696.280000,2696280,2696.280000,2696280,2696.280000,40,0.040000,739285854,1035168,656,526,rgb24,1:1,I,0,0,0,0,0,0.308742
frame,video,0,1,2697840,2697.840000,2697840,2697.840000,2697840,2697.840000,40,0.040000,740016999,1035168,656,526,rgb24,1:1,I,0,0,0,0,0,0.483869
frame,video,0,1,2699920,2699.920000,2699920,2699.920000,2699920,2699.920000,40,0.040000,740565439,1035168,656,526,rgb24,1:1,I,0,0,0,0,0,0.315289
frame,video,0,1,2702720,2702.720000,2702720,2702.720000,2702720,2702.720000,40,0.040000,741058432,1035168,656,526,rgb24,1:1,I,0,0,0,0,0,0.379891
frame,video,0,1,2706120,2706.120000,2706120,2706.120000,2706120,2706.120000,40,0.040000,742604311,1035168,656,526,rgb24,1:1,I,0,0,0,0,0,0.535959
frame,video,0,1,2738720,2738.720000,2738720,2738.720000,2738720,2738.720000,40,0.040000,749846189,1035168,656,526,rgb24,1:1,I,0,0,0,0,0,0.340611
frame,video,0,1,2768520,2768.520000,2768520,2768.520000,2768520,2768.520000,40,0.040000,756904221,1035168,656,526,rgb24,1:1,I,0,0,0,0,0,0.438298
frame,video,0,1,2808080,2808.080000,2808080,2808.080000,2808080,2808.080000,40,0.040000,768233165,1035168,656,526,rgb24,1:1,I,0,0,0,0,0,0.317773
frame,video,0,1,2842840,2842.840000,2842840,2842.840000,2842840,2842.840000,40,0.040000,780019268,1035168,656,526,rgb24,1:1,I,0,0,0,0,0,0.517948
frame,video,0,1,2851800,2851.800000,2851800,2851.800000,2851800,2851.800000,40,0.040000,782273710,1035168,656,526,rgb24,1:1,I,0,0,0,0,0,0.397004
frame,video,0,1,2856240,2856.240000,2856240,2856.240000,2856240,2856.240000,40,0.040000,783457259,1035168,656,526,rgb24,1:1,I,0,0,0,0,0,0.849031
frame,video,0,1,2859320,2859.320000,2859320,2859.320000,2859320,2859.320000,40,0.040000,784823115,1035168,656,526,rgb24,1:1,I,0,0,0,0,0,0.613805
frame,video,0,1,2871040,2871.040000,2871040,2871.040000,2871040,2871.040000,40,0.040000,788236707,1035168,656,526,rgb24,1:1,I,0,0,0,0,0,0.683108
frame,video,0,1,2876240,2876.240000,2876240,2876.240000,2876240,2876.240000,40,0.040000,790773141,1035168,656,526,rgb24,1:1,I,0,0,0,0,0,0.908758
frame,video,0,1,2880680,2880.680000,2880680,2880.680000,2880680,2880.680000,40,0.040000,792204858,1035168,656,526,rgb24,1:1,I,0,0,0,0,0,0.367692
frame,video,0,1,2889320,2889.320000,2889320,2889.320000,2889320,2889.320000,40,0.040000,794539819,1035168,656,526,rgb24,1:1,I,0,0,0,0,0,0.330441
frame,video,0,1,2894080,2894.080000,2894080,2894.080000,2894080,2894.080000,40,0.040000,796212093,1035168,656,526,rgb24,1:1,I,0,0,0,0,0,0.470749
frame,video,0,1,2904160,2904.160000,2904160,2904.160000,2904160,2904.160000,40,0.040000,799312743,1035168,656,526,rgb24,1:1,I,0,0,0,0,0,0.473489
frame,video,0,1,2932080,2932.080000,2932080,2932.080000,2932080,2932.080000,40,0.040000,803996803,1035168,656,526,rgb24,1:1,I,0,0,0,0,0,0.374246
frame,video,0,1,2933960,2933.960000,2933960,2933.960000,2933960,2933.960000,40,0.040000,804496268,1035168,656,526,rgb24,1:1,I,0,0,0,0,0,0.387960
frame,video,0,1,2967640,2967.640000,2967640,2967.640000,2967640,2967.640000,40,0.040000,813020194,1035168,656,526,rgb24,1:1,I,0,0,0,0,0,0.352016
frame,video,0,1,2969760,2969.760000,2969760,2969.760000,2969760,2969.760000,40,0.040000,813722526,1035168,656,526,rgb24,1:1,I,0,0,0,0,0,0.325272
frame,video,0,1,2987520,2987.520000,2987520,2987.520000,2987520,2987.520000,40,0.040000,817397093,1035168,656,526,rgb24,1:1,I,0,0,0,0,0,0.377398
frame,video,0,1,2988240,2988.240000,2988240,2988.240000,2988240,2988.240000,40,0.040000,817729875,1035168,656,526,rgb24,1:1,I,0,0,0,0,0,0.332062
frame,video,0,1,2992880,2992.880000,2992880,2992.880000,2992880,2992.880000,40,0.040000,820454526,1035168,656,526,rgb24,1:1,I,0,0,0,0,0,1.000000
frame,video,0,1,3008520,3008.520000,3008520,3008.520000,3008520,3008.520000,40,0.040000,823286320,1035168,656,526,rgb24,1:1,I,0,0,0,0,0,0.353973
frame,video,0,1,3008840,3008.840000,3008840,3008.840000,3008840,3008.840000,40,0.040000,823406606,1035168,656,526,rgb24,1:1,I,0,0,0,0,0,0.649311
frame,video,0,1,3010760,3010.760000,3010760,3010.760000,3010760,3010.760000,40,0.040000,823952897,1035168,656,526,rgb24,1:1,I,0,0,0,0,0,0.416221
frame,video,0,1,3013160,3013.160000,3013160,3013.160000,3013160,3013.160000,40,0.040000,824572705,1035168,656,526,rgb24,1:1,I,0,0,0,0,0,0.375176
frame,video,0,1,3052840,3052.840000,3052840,3052.840000,3052840,3052.840000,40,0.040000,834216923,1035168,656,526,rgb24,1:1,I,0,0,0,0,0,0.534056
frame,video,0,1,3058520,3058.520000,3058520,3058.520000,3058520,3058.520000,40,0.040000,836046161,1035168,656,526,rgb24,1:1,I,0,0,0,0,0,0.387724
frame,video,0,1,3071760,3071.760000,3071760,3071.760000,3071760,3071.760000,40,0.040000,838250534,1035168,656,526,rgb24,1:1,I,0,0,0,0,0,0.611344
frame,video,0,1,3075920,3075.920000,3075920,3075.920000,3075920,3075.920000,40,0.040000,841792831,1035168,656,526,rgb24,1:1,I,0,0,0,0,0,0.508251
frame,video,0,1,3083000,3083.000000,3083000,3083.000000,3083000,3083.000000,40,0.040000,846550582,1035168,656,526,rgb24,1:1,I,0,0,0,0,0,0.348426
frame,video,0,1,3090240,3090.240000,3090240,3090.240000,3090240,3090.240000,40,0.040000,851464000,1035168,656,526,rgb24,1:1,I,0,0,0,0,0,0.307673
frame,video,0,1,3111920,3111.920000,3111920,3111.920000,3111920,3111.920000,40,0.040000,855383179,1035168,656,526,rgb24,1:1,I,0,0,0,0,0,0.365692
frame,video,0,1,3132840,3132.840000,3132840,3132.840000,3132840,3132.840000,40,0.040000,859199541,1035168,656,526,rgb24,1:1,I,0,0,0,0,0,0.433201
frame,video,0,1,3172760,3172.760000,3172760,3172.760000,3172760,3172.760000,40,0.040000,868797511,1035168,656,526,rgb24,1:1,I,0,0,0,0,0,0.437195
frame,video,0,1,3175160,3175.160000,3175160,3175.160000,3175160,3175.160000,40,0.040000,869773576,1035168,656,526,rgb24,1:1,I,0,0,0,0,0,0.351481
frame,video,0,1,3184400,3184.400000,3184400,3184.400000,3184400,3184.400000,40,0.040000,873471888,1035168,656,526,rgb24,1:1,I,0,0,0,0,0,0.489444
frame,video,0,1,3187760,3187.760000,3187760,3187.760000,3187760,3187.760000,40,0.040000,874414251,1035168,656,526,rgb24,1:1,I,0,0,0,0,0,0.490967
frame,video,0,1,3189480,3189.480000,3189480,3189.480000,3189480,3189.480000,40,0.040000,875000931,1035168,656,526,rgb24,1:1,I,0,0,0,0,0,0.477481
frame,video,0,1,3192160,3192.160000,3192160,3192.160000,3192160,3192.160000,40,0.040000,875498007,1035168,656,526,rgb24,1:1,I,0,0,0,0,0,0.863718
frame,video,0,1,3192400,3192.400000,3192400,3192.400000,3192400,3192.400000,40,0.040000,875601469,1035168,656,526,rgb24,1:1,I,0,0,0,0,0,0.920297
frame,video,0,1,3193000,3193.000000,3193000,3193.000000,3193000,3193.000000,40,0.040000,875745711,1035168,656,526,rgb24,1:1,I,0,0,0,0,0,0.837774
frame,video,0,1,3193640,3193.640000,3193640,3193.640000,3193640,3193.640000,40,0.040000,876113510,1035168,656,526,rgb24,1:1,I,0,0,0,0,0,0.739692
frame,video,0,1,3197840,3197.840000,3197840,3197.840000,3197840,3197.840000,40,0.040000,876435493,1035168,656,526,rgb24,1:1,I,0,0,0,0,0,1.000000
frame,video,0,1,3197920,3197.920000,3197920,3197.920000,3197920,3197.920000,40,0.040000,876501391,1035168,656,526,rgb24,1:1,I,0,0,0,0,0,0.441663
frame,video,0,1,3202000,3202.000000,3202000,3202.000000,3202000,3202.000000,40,0.040000,878007338,1035168,656,526,rgb24,1:1,I,0,0,0,0,0,0.378117
frame,video,0,1,3205800,3205.800000,3205800,3205.800000,3205800,3205.800000,40,0.040000,879009159,1035168,656,526,rgb24,1:1,I,0,0,0,0,0,0.342697
frame,video,0,1,3208120,3208.120000,3208120,3208.120000,3208120,3208.120000,40,0.040000,879595383,1035168,656,526,rgb24,1:1,I,0,0,0,0,0,0.311463
frame,video,0,1,3215040,3215.040000,3215040,3215.040000,3215040,3215.040000,40,0.040000,881512331,1035168,656,526,rgb24,1:1,I,0,0,0,0,0,0.405904
frame,video,0,1,3219920,3219.920000,3219920,3219.920000,3219920,3219.920000,40,0.040000,881859578,1035168,656,526,rgb24,1:1,I,0,0,0,0,0,1.000000
frame,video,0,1,3225240,3225.240000,3225240,3225.240000,3225240,3225.240000,40,0.040000,884227281,1035168,656,526,rgb24,1:1,I,0,0,0,0,0,0.473656
frame,video,0,1,3225320,3225.320000,3225320,3225.320000,3225320,3225.320000,40,0.040000,884274889,1035168,656,526,rgb24,1:1,I,0,0,0,0,0,0.595623
frame,video,0,1,3245680,3245.680000,3245680,3245.680000,3245680,3245.680000,40,0.040000,888499967,1035168,656,526,rgb24,1:1,I,0,0,0,0,0,1.000000
frame,video,0,1,3247160,3247.160000,3247160,3247.160000,3247160,3247.160000,40,0.040000,889058845,1035168,656,526,rgb24,1:1,I,0,0,0,0,0,1.000000
frame,video,0,1,3250680,3250.680000,3250680,3250.680000,3250680,3250.680000,40,0.040000,889779044,1035168,656,526,rgb24,1:1,I,0,0,0,0,0,0.461812
frame,video,0,1,3256600,3256.600000,3256600,3256.600000,3256600,3256.600000,40,0.040000,890978195,1035168,656,526,rgb24,1:1,I,0,0,0,0,0,1.000000
frame,video,0,1,3257840,3257.840000,3257840,3257.840000,3257840,3257.840000,40,0.040000,891418416,1035168,656,526,rgb24,1:1,I,0,0,0,0,0,1.000000
frame,video,0,1,3264240,3264.240000,3264240,3264.240000,3264240,3264.240000,40,0.040000,893400930,1035168,656,526,rgb24,1:1,I,0,0,0,0,0,0.428521
frame,video,0,1,3304680,3304.680000,3304680,3304.680000,3304680,3304.680000,40,0.040000,900937025,1035168,656,526,rgb24,1:1,I,0,0,0,0,0,0.455899
frame,video,0,1,3310000,3310.000000,3310000,3310.000000,3310000,3310.000000,40,0.040000,902845478,1035168,656,526,rgb24,1:1,I,0,0,0,0,0,0.397566
frame,video,0,1,3312920,3312.920000,3312920,3312.920000,3312920,3312.920000,40,0.040000,903499861,1035168,656,526,rgb24,1:1,I,0,0,0,0,0,0.363024
frame,video,0,1,3325760,3325.760000,3325760,3325.760000,3325760,3325.760000,40,0.040000,905376721,1035168,656,526,rgb24,1:1,I,0,0,0,0,0,0.343483
frame,video,0,1,3368160,3368.160000,3368160,3368.160000,3368160,3368.160000,40,0.040000,913674925,1035168,656,526,rgb24,1:1,I,0,0,0,0,0,0.343439
frame,video,0,1,3385640,3385.640000,3385640,3385.640000,3385640,3385.640000,40,0.040000,916728982,1035168,656,526,rgb24,1:1,I,0,0,0,0,0,0.862097
frame,video,0,1,3388400,3388.400000,3388400,3388.400000,3388400,3388.400000,40,0.040000,917990217,1035168,656,526,rgb24,1:1,I,0,0,0,0,0,0.459855
frame,video,0,1,3388440,3388.440000,3388440,3388.440000,3388440,3388.440000,40,0.040000,918013465,1035168,656,526,rgb24,1:1,I,0,0,0,0,0,0.421431
frame,video,0,1,3401000,3401.000000,3401000,3401.000000,3401000,3401.000000,40,0.040000,922065040,1035168,656,526,rgb24,1:1,I,0,0,0,0,0,1.000000
frame,video,0,1,3412520,3412.520000,3412520,3412.520000,3412520,3412.520000,40,0.040000,926678831,1035168,656,526,rgb24,1:1,I,0,0,0,0,0,0.523820
frame,video,0,1,3416240,3416.240000,3416240,3416.240000,3416240,3416.240000,40,0.040000,928143904,1035168,656,526,rgb24,1:1,I,0,0,0,0,0,0.578476
frame,video,0,1,3424400,3424.400000,3424400,3424.400000,3424400,3424.400000,40,0.040000,930033101,1035168,656,526,rgb24,1:1,I,0,0,0,0,0,1.000000
frame,video,0,1,3430680,3430.680000,3430680,3430.680000,3430680,3430.680000,40,0.040000,932629625,1035168,656,526,rgb24,1:1,I,0,0,0,0,0,1.000000
frame,video,0,1,3434880,3434.880000,3434880,3434.880000,3434880,3434.880000,40,0.040000,933672490,1035168,656,526,rgb24,1:1,I,0,0,0,0,0,0.301019
frame,video,0,1,3435000,3435.000000,3435000,3435.000000,3435000,3435.000000,40,0.040000,933727331,1035168,656,526,rgb24,1:1,I,0,0,0,0,0,0.385021
frame,video,0,1,3436120,3436.120000,3436120,3436.120000,3436120,3436.120000,40,0.040000,934178845,1035168,656,526,rgb24,1:1,I,0,0,0,0,0,0.530893
frame,video,0,1,3436160,3436.160000,3436160,3436.160000,3436160,3436.160000,40,0.040000,934193054,1035168,656,526,rgb24,1:1,I,0,0,0,0,0,0.306137
frame,video,0,1,3436680,3436.680000,3436680,3436.680000,3436680,3436.680000,40,0.040000,934492066,1035168,656,526,rgb24,1:1,I,0,0,0,0,0,0.707718
frame,video,0,1,3443960,3443.960000,3443960,3443.960000,3443960,3443.960000,40,0.040000,936319956,1035168,656,526,rgb24,1:1,I,0,0,0,0,0,0.355901
frame,video,0,1,3444000,3444.000000,3444000,3444.000000,3444000,3444.000000,40,0.040000,936333908,1035168,656,526,rgb24,1:1,I,0,0,0,0,0,0.460390
frame,video,0,1,3446080,3446.080000,3446080,3446.080000,3446080,3446.080000,40,0.040000,937212014,1035168,656,526,rgb24,1:1,I,0,0,0,0,0,1.000000
frame,video,0,1,3446120,3446.120000,3446120,3446.120000,3446120,3446.120000,40,0.040000,937222134,1035168,656,526,rgb24,1:1,I,0,0,0,0,0,0.310452
frame,video,0,1,3449600,3449.600000,3449600,3449.600000,3449600,3449.600000,40,0.040000,938469150,1035168,656,526,rgb24,1:1,I,0,0,0,0,0,0.446143
frame,video,0,1,3454680,3454.680000,3454680,3454.680000,3454680,3454.680000,40,0.040000,939636869,1035168,656,526,rgb24,1:1,I,0,0,0,0,0,0.954904
frame,video,0,1,3456600,3456.600000,3456600,3456.600000,3456600,3456.600000,40,0.040000,940466082,1035168,656,526,rgb24,1:1,I,0,0,0,0,0,0.330585
frame,video,0,1,3456680,3456.680000,3456680,3456.680000,3456680,3456.680000,40,0.040000,940497379,1035168,656,526,rgb24,1:1,I,0,0,0,0,0,1.000000
frame,video,0,1,3486720,3486.720000,3486720,3486.720000,3486720,3486.720000,40,0.040000,945457820,1035168,656,526,rgb24,1:1,I,0,0,0,0,0,0.960003
frame,video,0,1,3491080,3491.080000,3491080,3491.080000,3491080,3491.080000,40,0.040000,947265334,1035168,656,526,rgb24,1:1,I,0,0,0,0,0,1.000000
frame,video,0,1,3530080,3530.080000,3530080,3530.080000,3530080,3530.080000,40,0.040000,956416104,1035168,656,526,rgb24,1:1,I,0,0,0,0,0,0.553760
frame,video,0,1,3532880,3532.880000,3532880,3532.880000,3532880,3532.880000,40,0.040000,957252455,1035168,656,526,rgb24,1:1,I,0,0,0,0,0,0.397851
frame,video,0,1,3535600,3535.600000,3535600,3535.600000,3535600,3535.600000,40,0.040000,957913488,1035168,656,526,rgb24,1:1,I,0,0,0,0,0,0.348313
frame,video,0,1,3538920,3538.920000,3538920,3538.920000,3538920,3538.920000,40,0.040000,958806138,1035168,656,526,rgb24,1:1,I,0,0,0,0,0,0.395039
frame,video,0,1,3545160,3545.160000,3545160,3545.160000,3545160,3545.160000,40,0.040000,960498641,1035168,656,526,rgb24,1:1,I,0,0,0,0,0,0.422798
frame,video,0,1,3546680,3546.680000,3546680,3546.680000,3546680,3546.680000,40,0.040000,960882494,1035168,656,526,rgb24,1:1,I,0,0,0,0,0,0.328322
frame,video,0,1,3547600,3547.600000,3547600,3547.600000,3547600,3547.600000,40,0.040000,961080042,1035168,656,526,rgb24,1:1,I,0,0,0,0,0,0.349090
frame,video,0,1,3549320,3549.320000,3549320,3549.320000,3549320,3549.320000,40,0.040000,961539219,1035168,656,526,rgb24,1:1,I,0,0,0,0,0,0.523801
frame,video,0,1,3611160,3611.160000,3611160,3611.160000,3611160,3611.160000,40,0.040000,976569298,1035168,656,526,rgb24,1:1,I,0,0,0,0,0,0.414193
frame,video,0,1,3623400,3623.400000,3623400,3623.400000,3623400,3623.400000,40,0.040000,981292354,1035168,656,526,rgb24,1:1,I,0,0,0,0,0,0.671985
frame,video,0,1,3623480,3623.480000,3623480,3623.480000,3623480,3623.480000,40,0.040000,981327055,1035168,656,526,rgb24,1:1,I,0,0,0,0,0,0.854607
frame,video,0,1,3641920,3641.920000,3641920,3641.920000,3641920,3641.920000,40,0.040000,985424081,1035168,656,526,rgb24,1:1,I,0,0,0,0,0,0.404468
frame,video,0,1,3644320,3644.320000,3644320,3644.320000,3644320,3644.320000,40,0.040000,986000552,1035168,656,526,rgb24,1:1,I,0,0,0,0,0,0.459555
frame,video,0,1,3647400,3647.400000,3647400,3647.400000,3647400,3647.400000,40,0.040000,986774409,1035168,656,526,rgb24,1:1,I,0,0,0,0,0,0.345149
frame,video,0,1,3655360,3655.360000,3655360,3655.360000,3655360,3655.360000,40,0.040000,988641341,1035168,656,526,rgb24,1:1,I,0,0,0,0,0,0.435251
frame,video,0,1,3657920,3657.920000,3657920,3657.920000,3657920,3657.920000,40,0.040000,989164106,1035168,656,526,rgb24,1:1,I,0,0,0,0,0,0.415967
frame,video,0,1,3666320,3666.320000,3666320,3666.320000,3666320,3666.320000,40,0.040000,990786567,1035168,656,526,rgb24,1:1,I,0,0,0,0,0,0.393111
frame,video,0,1,3671040,3671.040000,3671040,3671.040000,3671040,3671.040000,40,0.040000,991141514,1035168,656,526,rgb24,1:1,I,0,0,0,0,0,0.478770
frame,video,0,1,3674320,3674.320000,3674320,3674.320000,3674320,3674.320000,40,0.040000,991773169,1035168,656,526,rgb24,1:1,I,0,0,0,0,0,0.311965
frame,video,0,1,3678400,3678.400000,3678400,3678.400000,3678400,3678.400000,40,0.040000,992442813,1035168,656,526,rgb24,1:1,I,0,0,0,0,0,0.516191
frame,video,0,1,3681240,3681.240000,3681240,3681.240000,3681240,3681.240000,40,0.040000,993107221,1035168,656,526,rgb24,1:1,I,0,0,0,0,0,0.355611
frame,video,0,1,3683400,3683.400000,3683400,3683.400000,3683400,3683.400000,40,0.040000,993536567,1035168,656,526,rgb24,1:1,I,0,0,0,0,0,0.303308
frame,video,0,1,3711520,3711.520000,3711520,3711.520000,3711520,3711.520000,40,0.040000,999368006,1035168,656,526,rgb24,1:1,I,0,0,0,0,0,0.467507
frame,video,0,1,3757760,3757.760000,3757760,3757.760000,3757760,3757.760000,40,0.040000,1008122924,1035168,656,526,rgb24,1:1,I,0,0,0,0,0,0.959504
frame,video,0,1,3757800,3757.800000,3757800,3757.800000,3757800,3757.800000,40,0.040000,1008205978,1035168,656,526,rgb24,1:1,I,0,0,0,0,0,0.459845
frame,video,0,1,3762160,3762.160000,3762160,3762.160000,3762160,3762.160000,40,0.040000,1010915569,1035168,656,526,rgb24,1:1,I,0,0,0,0,0,0.843387
frame,video,0,1,3785320,3785.320000,3785320,3785.320000,3785320,3785.320000,40,0.040000,1016390126,1035168,656,526,rgb24,1:1,I,0,0,0,0,0,0.523399
frame,video,0,1,3788240,3788.240000,3788240,3788.240000,3788240,3788.240000,40,0.040000,1017085702,1035168,656,526,rgb24,1:1,I,0,0,0,0,0,0.553686
frame,video,0,1,3792080,3792.080000,3792080,3792.080000,3792080,3792.080000,40,0.040000,1018767905,1035168,656,526,rgb24,1:1,I,0,0,0,0,0,0.631772
frame,video,0,1,3797480,3797.480000,3797480,3797.480000,3797480,3797.480000,40,0.040000,1020040028,1035168,656,526,rgb24,1:1,I,0,0,0,0,0,0.716739
frame,video,0,1,3799600,3799.600000,3799600,3799.600000,3799600,3799.600000,40,0.040000,1020562834,1035168,656,526,rgb24,1:1,I,0,0,0,0,0,0.854896
frame,video,0,1,3799640,3799.640000,3799640,3799.640000,3799640,3799.640000,40,0.040000,1020580715,1035168,656,526,rgb24,1:1,I,0,0,0,0,0,0.352232
frame,video,0,1,3801080,3801.080000,3801080,3801.080000,3801080,3801.080000,40,0.040000,1021182264,1035168,656,526,rgb24,1:1,I,0,0,0,0,0,1.000000
frame,video,0,1,3804240,3804.240000,3804240,3804.240000,3804240,3804.240000,40,0.040000,1022288390,1035168,656,526,rgb24,1:1,I,0,0,0,0,0,0.699335
frame,video,0,1,3807760,3807.760000,3807760,3807.760000,3807760,3807.760000,40,0.040000,1023252586,1035168,656,526,rgb24,1:1,I,0,0,0,0,0,0.657211
frame,video,0,1,3809840,3809.840000,3809840,3809.840000,3809840,3809.840000,40,0.040000,1023967542,1035168,656,526,rgb24,1:1,I,0,0,0,0,0,0.452246
frame,video,0,1,3811920,3811.920000,3811920,3811.920000,3811920,3811.920000,40,0.040000,1024616835,1035168,656,526,rgb24,1:1,I,0,0,0,0,0,0.318044
frame,video,0,1,3811960,3811.960000,3811960,3811.960000,3811960,3811.960000,40,0.040000,1024630841,1035168,656,526,rgb24,1:1,I,0,0,0,0,0,0.374056
frame,video,0,1,3834440,3834.440000,3834440,3834.440000,3834440,3834.440000,40,0.040000,1032346626,1035168,656,526,rgb24,1:1,I,0,0,0,0,0,0.722598
frame,video,0,1,3839920,3839.920000,3839920,3839.920000,3839920,3839.920000,40,0.040000,1034749446,1035168,656,526,rgb24,1:1,I,0,0,0,0,0,0.314211
frame,video,0,1,3846120,3846.120000,3846120,3846.120000,3846120,3846.120000,40,0.040000,1036340668,1035168,656,526,rgb24,1:1,I,0,0,0,0,0,0.353326
frame,video,0,1,3846240,3846.240000,3846240,3846.240000,3846240,3846.240000,40,0.040000,1036381669,1035168,656,526,rgb24,1:1,I,0,0,0,0,0,0.992570
frame,video,0,1,3851600,3851.600000,3851600,3851.600000,3851600,3851.600000,40,0.040000,1038556280,1035168,656,526,rgb24,1:1,I,0,0,0,0,0,0.318953
frame,video,0,1,3851640,3851.640000,3851640,3851.640000,3851640,3851.640000,40,0.040000,1038585411,1035168,656,526,rgb24,1:1,I,0,0,0,0,0,0.470682
frame,video,0,1,3881240,3881.240000,3881240,3881.240000,3881240,3881.240000,40,0.040000,1043397208,1035168,656,526,rgb24,1:1,I,0,0,0,0,0,0.318315
frame,video,0,1,3884320,3884.320000,3884320,3884.320000,3884320,3884.320000,40,0.040000,1043681298,1035168,656,526,rgb24,1:1,I,0,0,0,0,0,0.327549
frame,video,0,1,3887920,3887.920000,3887920,3887.920000,3887920,3887.920000,40,0.040000,1044368059,1035168,656,526,rgb24,1:1,I,0,0,0,0,0,0.317095
frame,video,0,1,3907840,3907.840000,3907840,3907.840000,3907840,3907.840000,40,0.040000,1048684911,1035168,656,526,rgb24,1:1,I,0,0,0,0,0,0.346568
frame,video,0,1,3908840,3908.840000,3908840,3908.840000,3908840,3908.840000,40,0.040000,1048962767,1035168,656,526,rgb24,1:1,I,0,0,0,0,0,0.316745
frame,video,0,1,3912240,3912.240000,3912240,3912.240000,3912240,3912.240000,40,0.040000,1049892842,1035168,656,526,rgb24,1:1,I,0,0,0,0,0,0.325070
frame,video,0,1,3917800,3917.800000,3917800,3917.800000,3917800,3917.800000,40,0.040000,1050494594,1035168,656,526,rgb24,1:1,I,0,0,0,0,0,0.408691
frame,video,0,1,3926120,3926.120000,3926120,3926.120000,3926120,3926.120000,40,0.040000,1052493764,1035168,656,526,rgb24,1:1,I,0,0,0,0,0,0.319450
frame,video,0,1,3931480,3931.480000,3931480,3931.480000,3931480,3931.480000,40,0.040000,1053754835,1035168,656,526,rgb24,1:1,I,0,0,0,0,0,0.505302
frame,video,0,1,3931600,3931.600000,3931600,3931.600000,3931600,3931.600000,40,0.040000,1053772953,1035168,656,526,rgb24,1:1,I,0,0,0,0,0,0.447086
frame,video,0,1,3935680,3935.680000,3935680,3935.680000,3935680,3935.680000,40,0.040000,1054807765,1035168,656,526,rgb24,1:1,I,0,0,0,0,0,0.420141
frame,video,0,1,3940520,3940.520000,3940520,3940.520000,3940520,3940.520000,40,0.040000,1055881280,1035168,656,526,rgb24,1:1,I,0,0,0,0,0,0.363535
frame,video,0,1,3965760,3965.760000,3965760,3965.760000,3965760,3965.760000,40,0.040000,1060584237,1035168,656,526,rgb24,1:1,I,0,0,0,0,0,0.433856
frame,video,0,1,3984080,3984.080000,3984080,3984.080000,3984080,3984.080000,40,0.040000,1063563003,1035168,656,526,rgb24,1:1,I,0,0,0,0,0,0.448432
frame,video,0,1,3989160,3989.160000,3989160,3989.160000,3989160,3989.160000,40,0.040000,1064549276,1035168,656,526,rgb24,1:1,I,0,0,0,0,0,0.516734
frame,video,0,1,3991680,3991.680000,3991680,3991.680000,3991680,3991.680000,40,0.040000,1065530409,1035168,656,526,rgb24,1:1,I,0,0,0,0,0,0.352745
frame,video,0,1,3991760,3991.760000,3991760,3991.760000,3991760,3991.760000,40,0.040000,1065569208,1035168,656,526,rgb24,1:1,I,0,0,0,0,0,0.811390
frame,video,0,1,3993400,3993.400000,3993400,3993.400000,3993400,3993.400000,40,0.040000,1065702563,1035168,656,526,rgb24,1:1,I,0,0,0,0,0,0.355344
frame,video,0,1,4007320,4007.320000,4007320,4007.320000,4007320,4007.320000,40,0.040000,1068108162,1035168,656,526,rgb24,1:1,I,0,0,0,0,0,0.431620
frame,video,0,1,4010280,4010.280000,4010280,4010.280000,4010280,4010.280000,40,0.040000,1068825620,1035168,656,526,rgb24,1:1,I,0,0,0,0,0,0.337522
frame,video,0,1,4020320,4020.320000,4020320,4020.320000,4020320,4020.320000,40,0.040000,1070552321,1035168,656,526,rgb24,1:1,I,0,0,0,0,0,0.449141
frame,video,0,1,4074720,4074.720000,4074720,4074.720000,4074720,4074.720000,40,0.040000,1081439633,1035168,656,526,rgb24,1:1,I,0,0,0,0,0,0.455643
frame,video,0,1,4090400,4090.400000,4090400,4090.400000,4090400,4090.400000,40,0.040000,1084279110,1035168,656,526,rgb24,1:1,I,0,0,0,0,0,0.303909
frame,video,0,1,4108840,4108.840000,4108840,4108.840000,4108840,4108.840000,40,0.040000,1087294975,1035168,656,526,rgb24,1:1,I,0,0,0,0,0,0.581426
frame,video,0,1,4112680,4112.680000,4112680,4112.680000,4112680,4112.680000,40,0.040000,1088393049,1035168,656,526,rgb24,1:1,I,0,0,0,0,0,0.738104
frame,video,0,1,4122600,4122.600000,4122600,4122.600000,4122600,4122.600000,40,0.040000,1089644148,1035168,656,526,rgb24,1:1,I,0,0,0,0,0,0.448588
frame,video,0,1,4124440,4124.440000,4124440,4124.440000,4124440,4124.440000,40,0.040000,1090270178,1035168,656,526,rgb24,1:1,I,0,0,0,0,0,0.339305
frame,video,0,1,4128440,4128.440000,4128440,4128.440000,4128440,4128.440000,40,0.040000,1090572499,1035168,656,526,rgb24,1:1,I,0,0,0,0,0,0.369073
frame,video,0,1,4131000,4131.000000,4131000,4131.000000,4131000,4131.000000,40,0.040000,1091263341,1035168,656,526,rgb24,1:1,I,0,0,0,0,0,0.465160
frame,video,0,1,4136840,4136.840000,4136840,4136.840000,4136840,4136.840000,40,0.040000,1092405679,1035168,656,526,rgb24,1:1,I,0,0,0,0,0,0.446103
frame,video,0,1,4138280,4138.280000,4138280,4138.280000,4138280,4138.280000,40,0.040000,1093021064,1035168,656,526,rgb24,1:1,I,0,0,0,0,0,0.519943
frame,video,0,1,4138720,4138.720000,4138720,4138.720000,4138720,4138.720000,40,0.040000,1093180375,1035168,656,526,rgb24,1:1,I,0,0,0,0,0,0.655956
frame,video,0,1,4141920,4141.920000,4141920,4141.920000,4141920,4141.920000,40,0.040000,1093419938,1035168,656,526,rgb24,1:1,I,0,0,0,0,0,0.488599
frame,video,0,1,4144760,4144.760000,4144760,4144.760000,4144760,4144.760000,40,0.040000,1094061341,1035168,656,526,rgb24,1:1,I,0,0,0,0,0,0.339339
frame,video,0,1,4146560,4146.560000,4146560,4146.560000,4146560,4146.560000,40,0.040000,1094519000,1035168,656,526,rgb24,1:1,I,0,0,0,0,0,0.464681
frame,video,0,1,4150840,4150.840000,4150840,4150.840000,4150840,4150.840000,40,0.040000,1094861130,1035168,656,526,rgb24,1:1,I,0,0,0,0,0,0.606000
frame,video,0,1,4152000,4152.000000,4152000,4152.000000,4152000,4152.000000,40,0.040000,1095196327,1035168,656,526,rgb24,1:1,I,0,0,0,0,0,0.349698
frame,video,0,1,4154000,4154.000000,4154000,4154.000000,4154000,4154.000000,40,0.040000,1095781770,1035168,656,526,rgb24,1:1,I,0,0,0,0,0,0.433782
frame,video,0,1,4158720,4158.720000,4158720,4158.720000,4158720,4158.720000,40,0.040000,1096181951,1035168,656,526,rgb24,1:1,I,0,0,0,0,0,0.582936
frame,video,0,1,4175760,4175.760000,4175760,4175.760000,4175760,4175.760000,40,0.040000,1100473379,1035168,656,526,rgb24,1:1,I,0,0,0,0,0,0.461928
frame,video,0,1,4181320,4181.320000,4181320,4181.320000,4181320,4181.320000,40,0.040000,1101009064,1035168,656,526,rgb24,1:1,I,0,0,0,0,0,0.430599
frame,video,0,1,4182920,4182.920000,4182920,4182.920000,4182920,4182.920000,40,0.040000,1101424535,1035168,656,526,rgb24,1:1,I,0,0,0,0,0,0.409674
frame,video,0,1,4183920,4183.920000,4183920,4183.920000,4183920,4183.920000,40,0.040000,1101724672,1035168,656,526,rgb24,1:1,I,0,0,0,0,0,0.336016
frame,video,0,1,4184000,4184.000000,4184000,4184.000000,4184000,4184.000000,40,0.040000,1101748578,1035168,656,526,rgb24,1:1,I,0,0,0,0,0,0.387822
frame,video,0,1,4194520,4194.520000,4194520,4194.520000,4194520,4194.520000,40,0.040000,1104095925,1035168,656,526,rgb24,1:1,I,0,0,0,0,0,0.325064
frame,video,0,1,4202240,4202.240000,4202240,4202.240000,4202240,4202.240000,40,0.040000,1105486076,1035168,656,526,rgb24,1:1,I,0,0,0,0,0,0.558034
frame,video,0,1,4208240,4208.240000,4208240,4208.240000,4208240,4208.240000,40,0.040000,1107959170,1035168,656,526,rgb24,1:1,I,0,0,0,0,0,0.497105
frame,video,0,1,4212520,4212.520000,4212520,4212.520000,4212520,4212.520000,40,0.040000,1108413014,1035168,656,526,rgb24,1:1,I,0,0,0,0,0,1.000000
frame,video,0,1,4223400,4223.400000,4223400,4223.400000,4223400,4223.400000,40,0.040000,1114968587,1035168,656,526,rgb24,1:1,I,0,0,0,0,0,0.414423
frame,video,0,1,4235240,4235.240000,4235240,4235.240000,4235240,4235.240000,40,0.040000,1119633429,1035168,656,526,rgb24,1:1,I,0,0,0,0,0,0.413434
frame,video,0,1,4236680,4236.680000,4236680,4236.680000,4236680,4236.680000,40,0.040000,1120385135,1035168,656,526,rgb24,1:1,I,0,0,0,0,0,0.392863
frame,video,0,1,4239600,4239.600000,4239600,4239.600000,4239600,4239.600000,40,0.040000,1121741062,1035168,656,526,rgb24,1:1,I,0,0,0,0,0,0.643623
frame,video,0,1,4248720,4248.720000,4248720,4248.720000,4248720,4248.720000,40,0.040000,1125037273,1035168,656,526,rgb24,1:1,I,0,0,0,0,0,0.416699
frame,video,0,1,4258920,4258.920000,4258920,4258.920000,4258920,4258.920000,40,0.040000,1129586644,1035168,656,526,rgb24,1:1,I,0,0,0,0,0,0.321620
frame,video,0,1,4264280,4264.280000,4264280,4264.280000,4264280,4264.280000,40,0.040000,1132186738,1035168,656,526,rgb24,1:1,I,0,0,0,0,0,0.630908
frame,video,0,1,4275920,4275.920000,4275920,4275.920000,4275920,4275.920000,40,0.040000,1137709817,1035168,656,526,rgb24,1:1,I,0,0,0,0,0,0.863308
frame,video,0,1,4280680,4280.680000,4280680,4280.680000,4280680,4280.680000,40,0.040000,1139375268,1035168,656,526,rgb24,1:1,I,0,0,0,0,0,0.944619
frame,video,0,1,4286120,4286.120000,4286120,4286.120000,4286120,4286.120000,40,0.040000,1141861212,1035168,656,526,rgb24,1:1,I,0,0,0,0,0,0.777502
frame,video,0,1,4287200,4287.200000,4287200,4287.200000,4287200,4287.200000,40,0.040000,1142396519,1035168,656,526,rgb24,1:1,I,0,0,0,0,0,0.864677
frame,video,0,1,4288320,4288.320000,4288320,4288.320000,4288320,4288.320000,40,0.040000,1142638580,1035168,656,526,rgb24,1:1,I,0,0,0,0,0,1.000000
frame,video,0,1,4292520,4292.520000,4292520,4292.520000,4292520,4292.520000,40,0.040000,1144461755,1035168,656,526,rgb24,1:1,I,0,0,0,0,0,1.000000
frame,video,0,1,4294160,4294.160000,4294160,4294.160000,4294160,4294.160000,40,0.040000,1144610869,1035168,656,526,rgb24,1:1,I,0,0,0,0,0,1.000000
frame,video,0,1,4295040,4295.040000,4295040,4295.040000,4295040,4295.040000,40,0.040000,1145076025,1035168,656,526,rgb24,1:1,I,0,0,0,0,0,1.000000
frame,video,0,1,4297160,4297.160000,4297160,4297.160000,4297160,4297.160000,40,0.040000,1145965937,1035168,656,526,rgb24,1:1,I,0,0,0,0,0,0.315853
frame,video,0,1,4297200,4297.200000,4297200,4297.200000,4297200,4297.200000,40,0.040000,1145984796,1035168,656,526,rgb24,1:1,I,0,0,0,0,0,0.774136
frame,video,0,1,4300400,4300.400000,4300400,4300.400000,4300400,4300.400000,40,0.040000,1147806222,1035168,656,526,rgb24,1:1,I,0,0,0,0,0,0.328696
frame,video,0,1,4300520,4300.520000,4300520,4300.520000,4300520,4300.520000,40,0.040000,1147874553,1035168,656,526,rgb24,1:1,I,0,0,0,0,0,0.436786
frame,video,0,1,4304400,4304.400000,4304400,4304.400000,4304400,4304.400000,40,0.040000,1149642279,1035168,656,526,rgb24,1:1,I,0,0,0,0,0,0.828080
frame,video,0,1,4307360,4307.360000,4307360,4307.360000,4307360,4307.360000,40,0.040000,1150672303,1035168,656,526,rgb24,1:1,I,0,0,0,0,0,0.393858
frame,video,0,1,4335760,4335.760000,4335760,4335.760000,4335760,4335.760000,40,0.040000,1163309529,1035168,656,526,rgb24,1:1,I,0,0,0,0,0,0.488033
frame,video,0,1,4335800,4335.800000,4335800,4335.800000,4335800,4335.800000,40,0.040000,1163318832,1035168,656,526,rgb24,1:1,I,0,0,0,0,0,0.700438
frame,video,0,1,4341160,4341.160000,4341160,4341.160000,4341160,4341.160000,40,0.040000,1165611666,1035168,656,526,rgb24,1:1,I,0,0,0,0,0,0.849615
frame,video,0,1,4349600,4349.600000,4349600,4349.600000,4349600,4349.600000,40,0.040000,1168185045,1035168,656,526,rgb24,1:1,I,0,0,0,0,0,0.390106
frame,video,0,1,4349680,4349.680000,4349680,4349.680000,4349680,4349.680000,40,0.040000,1168234594,1035168,656,526,rgb24,1:1,I,0,0,0,0,0,0.499169
frame,video,0,1,4358280,4358.280000,4358280,4358.280000,4358280,4358.280000,40,0.040000,1169100706,1035168,656,526,rgb24,1:1,I,0,0,0,0,0,0.808351
frame,video,0,1,4359680,4359.680000,4359680,4359.680000,4359680,4359.680000,40,0.040000,1169652437,1035168,656,526,rgb24,1:1,I,0,0,0,0,0,0.326908
frame,video,0,1,4359760,4359.760000,4359760,4359.760000,4359760,4359.760000,40,0.040000,1169675876,1035168,656,526,rgb24,1:1,I,0,0,0,0,0,0.376226
frame,video,0,1,4361000,4361.000000,4361000,4361.000000,4361000,4361.000000,40,0.040000,1169974737,1035168,656,526,rgb24,1:1,I,0,0,0,0,0,1.000000
frame,video,0,1,4364720,4364.720000,4364720,4364.720000,4364720,4364.720000,40,0.040000,1170668781,1035168,656,526,rgb24,1:1,I,0,0,0,0,0,0.788445
frame,video,0,1,4370600,4370.600000,4370600,4370.600000,4370600,4370.600000,40,0.040000,1171863955,1035168,656,526,rgb24,1:1,I,0,0,0,0,0,0.650015
frame,video,0,1,4373600,4373.600000,4373600,4373.600000,4373600,4373.600000,40,0.040000,1172829622,1035168,656,526,rgb24,1:1,I,0,0,0,0,0,0.494993
frame,video,0,1,4377760,4377.760000,4377760,4377.760000,4377760,4377.760000,40,0.040000,1174029353,1035168,656,526,rgb24,1:1,I,0,0,0,0,0,0.912075
frame,video,0,1,4380000,4380.000000,4380000,4380.000000,4380000,4380.000000,40,0.040000,1174904163,1035168,656,526,rgb24,1:1,I,0,0,0,0,0,0.865368
frame,video,0,1,4382560,4382.560000,4382560,4382.560000,4382560,4382.560000,40,0.040000,1175367408,1035168,656,526,rgb24,1:1,I,0,0,0,0,0,0.324019
frame,video,0,1,4382600,4382.600000,4382600,4382.600000,4382600,4382.600000,40,0.040000,1175387076,1035168,656,526,rgb24,1:1,I,0,0,0,0,0,0.805368
frame,video,0,1,4383680,4383.680000,4383680,4383.680000,4383680,4383.680000,40,0.040000,1175638785,1035168,656,526,rgb24,1:1,I,0,0,0,0,0,0.421968
frame,video,0,1,4383800,4383.800000,4383800,4383.800000,4383800,4383.800000,40,0.040000,1175657657,1035168,656,526,rgb24,1:1,I,0,0,0,0,0,0.493536
frame,video,0,1,4386400,4386.400000,4386400,4386.400000,4386400,4386.400000,40,0.040000,1176580564,1035168,656,526,rgb24,1:1,I,0,0,0,0,0,0.369637
frame,video,0,1,4388600,4388.600000,4388600,4388.600000,4388600,4388.600000,40,0.040000,1177025142,1035168,656,526,rgb24,1:1,I,0,0,0,0,0,0.368226
frame,video,0,1,4388720,4388.720000,4388720,4388.720000,4388720,4388.720000,40,0.040000,1177052172,1035168,656,526,rgb24,1:1,I,0,0,0,0,0,0.389975
frame,video,0,1,4392560,4392.560000,4392560,4392.560000,4392560,4392.560000,40,0.040000,1178315749,1035168,656,526,rgb24,1:1,I,0,0,0,0,0,0.415628
frame,video,0,1,4392680,4392.680000,4392680,4392.680000,4392680,4392.680000,40,0.040000,1178355170,1035168,656,526,rgb24,1:1,I,0,0,0,0,0,1.000000
frame,video,0,1,4395640,4395.640000,4395640,4395.640000,4395640,4395.640000,40,0.040000,1179490599,1035168,656,526,rgb24,1:1,I,0,0,0,0,0,0.772299
frame,video,0,1,4397600,4397.600000,4397600,4397.600000,4397600,4397.600000,40,0.040000,1180086951,1035168,656,526,rgb24,1:1,I,0,0,0,0,0,0.326677
frame,video,0,1,4397760,4397.760000,4397760,4397.760000,4397760,4397.760000,40,0.040000,1180138762,1035168,656,526,rgb24,1:1,I,0,0,0,0,0,0.694958
frame,video,0,1,4409040,4409.040000,4409040,4409.040000,4409040,4409.040000,40,0.040000,1181378030,1035168,656,526,rgb24,1:1,I,0,0,0,0,0,0.458165
frame,video,0,1,4414880,4414.880000,4414880,4414.880000,4414880,4414.880000,40,0.040000,1183169417,1035168,656,526,rgb24,1:1,I,0,0,0,0,0,0.532696
frame,video,0,1,4417040,4417.040000,4417040,4417.040000,4417040,4417.040000,40,0.040000,1183906644,1035168,656,526,rgb24,1:1,I,0,0,0,0,0,0.482429
frame,video,0,1,4421360,4421.360000,4421360,4421.360000,4421360,4421.360000,40,0.040000,1185912852,1035168,656,526,rgb24,1:1,I,0,0,0,0,0,0.570429
frame,video,0,1,4423040,4423.040000,4423040,4423.040000,4423040,4423.040000,40,0.040000,1186014183,1035168,656,526,rgb24,1:1,I,0,0,0,0,0,1.000000
frame,video,0,1,4428120,4428.120000,4428120,4428.120000,4428120,4428.120000,40,0.040000,1186856160,1035168,656,526,rgb24,1:1,I,0,0,0,0,0,0.533651
frame,video,0,1,4436120,4436.120000,4436120,4436.120000,4436120,4436.120000,40,0.040000,1189449086,1035168,656,526,rgb24,1:1,I,0,0,0,0,0,0.625965
frame,video,0,1,4442600,4442.600000,4442600,4442.600000,4442600,4442.600000,40,0.040000,1191742760,1035168,656,526,rgb24,1:1,I,0,0,0,0,0,0.547857
frame,video,0,1,4445160,4445.160000,4445160,4445.160000,4445160,4445.160000,40,0.040000,1192594855,1035168,656,526,rgb24,1:1,I,0,0,0,0,0,0.356168
frame,video,0,1,4445240,4445.240000,4445240,4445.240000,4445240,4445.240000,40,0.040000,1192627143,1035168,656,526,rgb24,1:1,I,0,0,0,0,0,0.329690
frame,video,0,1,4447240,4447.240000,4447240,4447.240000,4447240,4447.240000,40,0.040000,1193382431,1035168,656,526,rgb24,1:1,I,0,0,0,0,0,0.472622
frame,video,0,1,4447320,4447.320000,4447320,4447.320000,4447320,4447.320000,40,0.040000,1193408143,1035168,656,526,rgb24,1:1,I,0,0,0,0,0,0.780907
frame,video,0,1,4451960,4451.960000,4451960,4451.960000,4451960,4451.960000,40,0.040000,1194987133,1035168,656,526,rgb24,1:1,I,0,0,0,0,0,0.419269
frame,video,0,1,4452000,4452.000000,4452000,4452.000000,4452000,4452.000000,40,0.040000,1195021726,1035168,656,526,rgb24,1:1,I,0,0,0,0,0,0.961991
frame,video,0,1,4455400,4455.400000,4455400,4455.400000,4455400,4455.400000,40,0.040000,1195247291,1035168,656,526,rgb24,1:1,I,0,0,0,0,0,0.622764
frame,video,0,1,4462680,4462.680000,4462680,4462.680000,4462680,4462.680000,40,0.040000,1197107703,1035168,656,526,rgb24,1:1,I,0,0,0,0,0,0.703259
frame,video,0,1,4466400,4466.400000,4466400,4466.400000,4466400,4466.400000,40,0.040000,1198872547,1035168,656,526,rgb24,1:1,I,0,0,0,0,0,0.469031
frame,video,0,1,4467000,4467.000000,4467000,4467.000000,4467000,4467.000000,40,0.040000,1199199922,1035168,656,526,rgb24,1:1,I,0,0,0,0,0,1.000000
frame,video,0,1,4473400,4473.400000,4473400,4473.400000,4473400,4473.400000,40,0.040000,1199804743,1035168,656,526,rgb24,1:1,I,0,0,0,0,0,0.937723
frame,video,0,1,4483920,4483.920000,4483920,4483.920000,4483920,4483.920000,40,0.040000,1204096365,1035168,656,526,rgb24,1:1,I,0,0,0,0,0,0.880420
frame,video,0,1,4502720,4502.720000,4502720,4502.720000,4502720,4502.720000,40,0.040000,1210424656,1035168,656,526,rgb24,1:1,I,0,0,0,0,0,0.666918
frame,video,0,1,4502760,4502.760000,4502760,4502.760000,4502760,4502.760000,40,0.040000,1210504405,1035168,656,526,rgb24,1:1,I,0,0,0,0,0,0.306953
frame,video,0,1,4504240,4504.240000,4504240,4504.240000,4504240,4504.240000,40,0.040000,1211502912,1035168,656,526,rgb24,1:1,I,0,0,0,0,0,0.413163
frame,video,0,1,4504320,4504.320000,4504320,4504.320000,4504320,4504.320000,40,0.040000,1211518580,1035168,656,526,rgb24,1:1,I,0,0,0,0,0,0.848363
frame,video,0,1,4506600,4506.600000,4506600,4506.600000,4506600,4506.600000,40,0.040000,1212378633,1035168,656,526,rgb24,1:1,I,0,0,0,0,0,0.837414
frame,video,0,1,4509680,4509.680000,4509680,4509.680000,4509680,4509.680000,40,0.040000,1214000341,1035168,656,526,rgb24,1:1,I,0,0,0,0,0,0.661638
frame,video,0,1,4510600,4510.600000,4510600,4510.600000,4510600,4510.600000,40,0.040000,1214407725,1035168,656,526,rgb24,1:1,I,0,0,0,0,0,0.568477
frame,video,0,1,4511160,4511.160000,4511160,4511.160000,4511160,4511.160000,40,0.040000,1214618350,1035168,656,526,rgb24,1:1,I,0,0,0,0,0,0.305840
frame,video,0,1,4519840,4519.840000,4519840,4519.840000,4519840,4519.840000,40,0.040000,1216138413,1035168,656,526,rgb24,1:1,I,0,0,0,0,0,0.582145
frame,video,0,1,4521760,4521.760000,4521760,4521.760000,4521760,4521.760000,40,0.040000,1216790603,1035168,656,526,rgb24,1:1,I,0,0,0,0,0,0.347736
frame,video,0,1,4521840,4521.840000,4521840,4521.840000,4521840,4521.840000,40,0.040000,1216812897,1035168,656,526,rgb24,1:1,I,0,0,0,0,0,0.674456
frame,video,0,1,4524160,4524.160000,4524160,4524.160000,4524160,4524.160000,40,0.040000,1217730250,1035168,656,526,rgb24,1:1,I,0,0,0,0,0,0.403687
frame,video,0,1,4525040,4525.040000,4525040,4525.040000,4525040,4525.040000,40,0.040000,1218104706,1035168,656,526,rgb24,1:1,I,0,0,0,0,0,0.504710
frame,video,0,1,4526480,4526.480000,4526480,4526.480000,4526480,4526.480000,40,0.040000,1218733712,1035168,656,526,rgb24,1:1,I,0,0,0,0,0,0.470111
frame,video,0,1,4527920,4527.920000,4527920,4527.920000,4527920,4527.920000,40,0.040000,1219427528,1035168,656,526,rgb24,1:1,I,0,0,0,0,0,0.895874
frame,video,0,1,4532160,4532.160000,4532160,4532.160000,4532160,4532.160000,40,0.040000,1220925389,1035168,656,526,rgb24,1:1,I,0,0,0,0,0,0.639510
frame,video,0,1,4534680,4534.680000,4534680,4534.680000,4534680,4534.680000,40,0.040000,1222059543,1035168,656,526,rgb24,1:1,I,0,0,0,0,0,0.349901
frame,video,0,1,4535920,4535.920000,4535920,4535.920000,4535920,4535.920000,40,0.040000,1222603843,1035168,656,526,rgb24,1:1,I,0,0,0,0,0,0.401038
frame,video,0,1,4536000,4536.000000,4536000,4536.000000,4536000,4536.000000,40,0.040000,1222642556,1035168,656,526,rgb24,1:1,I,0,0,0,0,0,0.493111
frame,video,0,1,4545920,4545.920000,4545920,4545.920000,4545920,4545.920000,40,0.040000,1226437457,1035168,656,526,rgb24,1:1,I,0,0,0,0,0,0.634835
frame,video,0,1,4546720,4546.720000,4546720,4546.720000,4546720,4546.720000,40,0.040000,1226804655,1035168,656,526,rgb24,1:1,I,0,0,0,0,0,0.399593
frame,video,0,1,4546840,4546.840000,4546840,4546.840000,4546840,4546.840000,40,0.040000,1226844028,1035168,656,526,rgb24,1:1,I,0,0,0,0,0,0.358475
frame,video,0,1,4548840,4548.840000,4548840,4548.840000,4548840,4548.840000,40,0.040000,1227793475,1035168,656,526,rgb24,1:1,I,0,0,0,0,0,0.446867
frame,video,0,1,4550760,4550.760000,4550760,4550.760000,4550760,4550.760000,40,0.040000,1228708572,1035168,656,526,rgb24,1:1,I,0,0,0,0,0,0.455077
frame,video,0,1,4557480,4557.480000,4557480,4557.480000,4557480,4557.480000,40,0.040000,1230922082,1035168,656,526,rgb24,1:1,I,0,0,0,0,0,0.362947
frame,video,0,1,4557600,4557.600000,4557600,4557.600000,4557600,4557.600000,40,0.040000,1230961008,1035168,656,526,rgb24,1:1,I,0,0,0,0,0,0.497523
frame,video,0,1,4560400,4560.400000,4560400,4560.400000,4560400,4560.400000,40,0.040000,1232018898,1035168,656,526,rgb24,1:1,I,0,0,0,0,0,1.000000
frame,video,0,1,4561360,4561.360000,4561360,4561.360000,4561360,4561.360000,40,0.040000,1232218786,1035168,656,526,rgb24,1:1,I,0,0,0,0,0,1.000000
frame,video,0,1,4582480,4582.480000,4582480,4582.480000,4582480,4582.480000,40,0.040000,1237309415,1035168,656,526,rgb24,1:1,I,0,0,0,0,0,0.610571
frame,video,0,1,4582600,4582.600000,4582600,4582.600000,4582600,4582.600000,40,0.040000,1237333180,1035168,656,526,rgb24,1:1,I,0,0,0,0,0,0.337899
frame,video,0,1,4596920,4596.920000,4596920,4596.920000,4596920,4596.920000,40,0.040000,1239183403,1035168,656,526,rgb24,1:1,I,0,0,0,0,0,0.389085
frame,video,0,1,4597040,4597.040000,4597040,4597.040000,4597040,4597.040000,40,0.040000,1239199932,1035168,656,526,rgb24,1:1,I,0,0,0,0,0,0.345842
frame,video,0,1,4604240,4604.240000,4604240,4604.240000,4604240,4604.240000,40,0.040000,1241576972,1035168,656,526,rgb24,1:1,I,0,0,0,0,0,0.400114
frame,video,0,1,4605000,4605.000000,4605000,4605.000000,4605000,4605.000000,40,0.040000,1241732011,1035168,656,526,rgb24,1:1,I,0,0,0,0,0,0.300429
frame,video,0,1,4612680,4612.680000,4612680,4612.680000,4612680,4612.680000,40,0.040000,1244692680,1035168,656,526,rgb24,1:1,I,0,0,0,0,0,0.329306
frame,video,0,1,4612760,4612.760000,4612760,4612.760000,4612760,4612.760000,40,0.040000,1244699642,1035168,656,526,rgb24,1:1,I,0,0,0,0,0,0.375561
frame,video,0,1,4628240,4628.240000,4628240,4628.240000,4628240,4628.240000,40,0.040000,1253901748,1035168,656,526,rgb24,1:1,I,0,0,0,0,0,0.330914
frame,video,0,1,4636400,4636.400000,4636400,4636.400000,4636400,4636.400000,40,0.040000,1256675382,1035168,656,526,rgb24,1:1,I,0,0,0,0,0,0.312581
frame,video,0,1,4637600,4637.600000,4637600,4637.600000,4637600,4637.600000,40,0.040000,1257032005,1035168,656,526,rgb24,1:1,I,0,0,0,0,0,0.536936
frame,video,0,1,4638120,4638.120000,4638120,4638.120000,4638120,4638.120000,40,0.040000,1257191188,1035168,656,526,rgb24,1:1,I,0,0,0,0,0,0.333399
frame,video,0,1,4638440,4638.440000,4638440,4638.440000,4638440,4638.440000,40,0.040000,1257255625,1035168,656,526,rgb24,1:1,I,0,0,0,0,0,0.395450
frame,video,0,1,4643840,4643.840000,4643840,4643.840000,4643840,4643.840000,40,0.040000,1259366630,1035168,656,526,rgb24,1:1,I,0,0,0,0,0,0.551160
frame,video,0,1,4644000,4644.000000,4644000,4644.000000,4644000,4644.000000,40,0.040000,1259444373,1035168,656,526,rgb24,1:1,I,0,0,0,0,0,0.465680
frame,video,0,1,4662840,4662.840000,4662840,4662.840000,4662840,4662.840000,40,0.040000,1265444735,1035168,656,526,rgb24,1:1,I,0,0,0,0,0,0.389016
frame,video,0,1,4671160,4671.160000,4671160,4671.160000,4671160,4671.160000,40,0.040000,1269679059,1035168,656,526,rgb24,1:1,I,0,0,0,0,0,0.338615
frame,video,0,1,4671240,4671.240000,4671240,4671.240000,4671240,4671.240000,40,0.040000,1269710020,1035168,656,526,rgb24,1:1,I,0,0,0,0,0,0.336836
frame,video,0,1,4673000,4673.000000,4673000,4673.000000,4673000,4673.000000,40,0.040000,1270179595,1035168,656,526,rgb24,1:1,I,0,0,0,0,0,0.345161
frame,video,0,1,4684080,4684.080000,4684080,4684.080000,4684080,4684.080000,40,0.040000,1277974466,1035168,656,526,rgb24,1:1,I,0,0,0,0,0,0.464378
