run:
1 478806
1 30242
1 30805
1 28148
1 51677
2 45319
2 41418
2 40067
2 40936
2 130196
3 150665
3 78845
3 59195
3 61454
3 72865
4 89454
4 87613
4 51140
4 49494
4 58355
5 58001
5 60389
5 139393
5 58528
5 85880
6 742382
6 51764
6 41114
6 102057
6 47932
7 53636
7 50123
7 52320
7 55677
7 55687
8 59854
8 60394
8 2335439
8 59505
8 67436
9 73053
9 84447
9 67702
9 78128
9 67042
10 101752
10 74095
10 65269
10 194361
10 60955
11 74254
11 72199
11 72855
11 74290
11 73658
12 84626
12 87492
12 92483
12 84457
12 81492
13 94575
13 96825
13 13588192536
13 51086
13 10033172
14 27633
14 27054
14 21171250
14 26559
14 37947
15 1063553712915
15 30017
15 29143
15 1326547
15 667642263
16 33435
16 688187511
16 31798
16 92129469188
16 1860265946299
17 1120090
17 414897
17 20195797762465
17 56151